Team_ID,Game_ID,GAME_DATE,MATCHUP,WL,MIN,FGM,FGA,FG_PCT,FG3M,FG3A,FG3_PCT,FTM,FTA,FT_PCT,OREB,DREB,REB,AST,STL,BLK,TOV,PF,PTS,VIDEO_AVAILABLE,GameType
1610612766,0020401220,"APR 20, 2005",CHA vs. DET,W,240,36,75,0.48,1,4,0.25,24,32,0.75,10,33,43,24,9,8,11,22,97,0,Reg
1610612766,0020401212,"APR 19, 2005",CHA @ MIA,L,240,30,75,0.4,1,12,0.083,19,26,0.731,4,35,39,16,7,1,14,21,80,0,Reg
1610612766,0020401192,"APR 17, 2005",CHA @ WAS,L,240,42,83,0.506,2,5,0.4,18,19,0.947,10,27,37,28,11,0,18,24,104,0,Reg
1610612766,0020401185,"APR 16, 2005",CHA vs. NYK,L,240,39,86,0.453,1,9,0.111,19,28,0.679,18,27,45,24,7,6,14,19,98,0,Reg
1610612766,0020401161,"APR 13, 2005",CHA vs. ATL,W,240,37,69,0.536,4,11,0.364,27,32,0.844,11,30,41,29,10,10,15,24,105,0,Reg
1610612766,0020401149,"APR 11, 2005",CHA @ ATL,W,265,43,90,0.478,4,10,0.4,20,28,0.714,13,34,47,22,12,5,14,19,110,0,Reg
1610612766,0020401144,"APR 10, 2005",CHA @ MEM,L,240,36,85,0.424,3,8,0.375,20,29,0.69,16,27,43,23,11,7,17,26,95,0,Reg
1610612766,0020401126,"APR 08, 2005",CHA @ MIL,L,240,29,90,0.322,1,13,0.077,16,20,0.8,15,29,44,14,10,3,11,21,75,0,Reg
1610612766,0020401108,"APR 06, 2005",CHA @ PHI,L,240,37,77,0.481,5,12,0.417,24,33,0.727,11,29,40,25,12,2,18,29,103,0,Reg
1610612766,0020401095,"APR 05, 2005",CHA vs. LAC,L,240,36,81,0.444,4,7,0.571,26,37,0.703,9,32,41,21,10,3,14,29,102,0,Reg
1610612766,0020401081,"APR 02, 2005",CHA @ CHI,L,240,34,78,0.436,1,7,0.143,28,36,0.778,12,31,43,22,7,8,18,29,97,0,Reg
1610612766,0020401067,"APR 01, 2005",CHA vs. TOR,L,240,37,72,0.514,5,15,0.333,28,34,0.824,8,32,40,27,3,4,14,21,107,0,Reg
1610612766,0020401054,"MAR 30, 2005",CHA vs. CHI,L,240,36,85,0.424,5,11,0.455,22,24,0.917,14,27,41,27,13,8,11,20,99,0,Reg
1610612766,0020401037,"MAR 28, 2005",CHA vs. NJN,L,240,34,81,0.42,1,9,0.111,22,30,0.733,11,34,45,21,9,4,16,24,91,0,Reg
1610612766,0020401023,"MAR 26, 2005",CHA vs. MIA,W,240,38,83,0.458,4,9,0.444,14,19,0.737,12,28,40,28,7,5,9,21,94,0,Reg
1610612766,0020401006,"MAR 24, 2005",CHA @ ORL,W,240,39,86,0.453,3,10,0.3,27,34,0.794,10,31,41,26,13,7,10,21,108,0,Reg
1610612766,0020400999,"MAR 23, 2005",CHA vs. PHO,L,240,38,92,0.413,7,17,0.412,22,28,0.786,14,30,44,26,6,5,11,20,105,0,Reg
1610612766,0020400985,"MAR 21, 2005",CHA vs. ORL,W,240,37,83,0.446,5,9,0.556,23,36,0.639,14,36,50,23,7,7,11,28,102,0,Reg
1610612766,0020400974,"MAR 19, 2005",CHA @ DAL,L,240,32,77,0.416,7,15,0.467,22,28,0.786,10,23,33,21,9,7,16,24,93,0,Reg
1610612766,0020400966,"MAR 18, 2005",CHA @ SAS,L,240,28,75,0.373,1,4,0.25,19,26,0.731,16,33,49,13,7,9,25,22,76,0,Reg
1610612766,0020400952,"MAR 16, 2005",CHA @ DEN,L,240,38,87,0.437,9,18,0.5,16,26,0.615,13,24,37,27,9,7,12,19,101,0,Reg
1610612766,0020400931,"MAR 14, 2005",CHA vs. BOS,L,240,40,89,0.449,7,16,0.438,23,27,0.852,15,20,35,22,13,5,13,19,110,0,Reg
1610612766,0020400915,"MAR 12, 2005",CHA vs. LAL,L,240,45,83,0.542,3,9,0.333,23,28,0.821,7,27,34,31,7,2,5,21,116,0,Reg
1610612766,0020400905,"MAR 11, 2005",CHA @ PHI,L,240,35,87,0.402,2,9,0.222,8,16,0.5,14,36,50,19,6,3,23,20,80,0,Reg
1610612766,0020400890,"MAR 08, 2005",CHA @ MIN,L,240,38,86,0.442,4,10,0.4,17,26,0.654,16,32,48,22,4,5,14,21,97,0,Reg
1610612766,0020400867,"MAR 05, 2005",CHA vs. WAS,L,240,33,84,0.393,6,9,0.667,12,17,0.706,16,30,46,18,7,8,13,26,84,0,Reg
1610612766,0020400857,"MAR 04, 2005",CHA @ BOS,L,240,31,80,0.388,6,12,0.5,16,27,0.593,11,31,42,22,8,7,19,17,84,0,Reg
1610612766,0020400848,"MAR 02, 2005",CHA @ NOK,L,240,33,83,0.398,2,7,0.286,17,23,0.739,11,32,43,17,6,5,15,22,85,0,Reg
1610612766,0020400835,"MAR 01, 2005",CHA vs. SAC,W,240,41,86,0.477,2,8,0.25,10,14,0.714,10,30,40,25,9,5,17,18,94,0,Reg
1610612766,0020400814,"FEB 26, 2005",CHA vs. CHI,L,240,33,82,0.402,1,5,0.2,23,32,0.719,13,29,42,14,7,6,10,22,90,0,Reg
1610612766,0020400804,"FEB 25, 2005",CHA @ NJN,L,240,31,74,0.419,4,8,0.5,20,27,0.741,8,27,35,21,11,6,16,20,86,0,Reg
1610612766,0020400782,"FEB 22, 2005",CHA vs. MIL,L,240,37,90,0.411,4,9,0.444,24,30,0.8,12,34,46,17,7,4,10,22,102,0,Reg
1610612766,0020400772,"FEB 16, 2005",CHA vs. DEN,W,240,38,85,0.447,5,14,0.357,13,21,0.619,14,30,44,18,10,5,18,24,94,0,Reg
1610612766,0020400758,"FEB 14, 2005",CHA vs. POR,L,240,31,80,0.388,3,11,0.273,12,15,0.8,20,29,49,14,10,4,15,19,77,0,Reg
1610612766,0020400751,"FEB 13, 2005",CHA @ NYK,L,240,30,68,0.441,5,14,0.357,34,39,0.872,11,23,34,15,7,2,10,23,99,0,Reg
1610612766,0020400732,"FEB 11, 2005",CHA vs. MIA,L,240,38,93,0.409,4,13,0.308,7,15,0.467,15,29,44,22,6,6,10,23,87,0,Reg
1610612766,0020400721,"FEB 09, 2005",CHA @ IND,L,240,34,83,0.41,6,10,0.6,13,14,0.929,12,26,38,15,7,6,13,17,87,0,Reg
1610612766,0020400708,"FEB 08, 2005",CHA vs. SAS,L,240,32,85,0.376,4,9,0.444,17,22,0.773,12,26,38,23,11,7,16,21,85,0,Reg
1610612766,0020400698,"FEB 05, 2005",CHA @ SEA,L,240,40,82,0.488,5,13,0.385,14,19,0.737,10,25,35,18,6,6,14,19,99,0,Reg
1610612766,0020400687,"FEB 04, 2005",CHA @ POR,L,240,34,93,0.366,4,15,0.267,17,25,0.68,17,33,50,24,9,2,13,28,89,0,Reg
1610612766,0020400666,"FEB 01, 2005",CHA @ UTA,W,240,35,68,0.515,2,9,0.222,37,50,0.74,10,25,35,15,13,10,19,36,109,0,Reg
1610612766,0020400652,"JAN 30, 2005",CHA @ LAL,L,240,38,91,0.418,5,13,0.385,9,17,0.529,14,35,49,25,8,9,10,23,90,0,Reg
1610612766,0020400628,"JAN 28, 2005",CHA vs. TOR,W,240,41,87,0.471,2,4,0.5,17,19,0.895,10,38,48,19,2,7,13,26,101,0,Reg
1610612766,0020400625,"JAN 27, 2005",CHA @ CHI,L,240,34,73,0.466,10,17,0.588,15,18,0.833,5,28,33,23,9,2,16,21,93,0,Reg
1610612766,0020400606,"JAN 25, 2005",CHA vs. BOS,L,240,38,85,0.447,6,19,0.316,10,22,0.455,15,30,45,22,8,7,14,25,92,0,Reg
1610612766,0020400592,"JAN 23, 2005",CHA @ TOR,L,240,38,91,0.418,3,7,0.429,13,21,0.619,16,31,47,20,4,4,9,18,92,0,Reg
1610612766,0020400574,"JAN 21, 2005",CHA vs. DAL,L,240,41,95,0.432,6,14,0.429,11,16,0.688,17,30,47,23,3,5,9,25,99,0,Reg
1610612766,0020400562,"JAN 19, 2005",CHA vs. PHI,L,240,37,80,0.463,9,17,0.529,22,35,0.629,10,31,41,26,8,6,10,25,105,0,Reg
1610612766,0020400545,"JAN 17, 2005",CHA vs. MIL,L,240,32,89,0.36,3,12,0.25,25,34,0.735,18,33,51,20,8,7,14,30,92,0,Reg
1610612766,0020400532,"JAN 15, 2005",CHA @ ATL,L,240,40,89,0.449,6,14,0.429,9,20,0.45,11,22,33,21,11,1,8,21,95,0,Reg
1610612766,0020400520,"JAN 14, 2005",CHA vs. MEM,L,240,30,73,0.411,4,8,0.5,25,38,0.658,17,22,39,19,6,4,17,23,89,0,Reg
1610612766,0020400497,"JAN 11, 2005",CHA @ CLE,L,265,41,87,0.471,5,9,0.556,11,15,0.733,10,28,38,27,9,7,15,21,98,0,Reg
1610612766,0020400469,"JAN 07, 2005",CHA @ ORL,L,240,40,90,0.444,0,11,0.0,11,19,0.579,15,21,36,18,5,5,11,25,91,0,Reg
1610612766,0020400455,"JAN 05, 2005",CHA vs. MIN,W,240,37,84,0.44,4,10,0.4,24,30,0.8,14,30,44,23,12,5,5,17,102,0,Reg
1610612766,0020400442,"JAN 03, 2005",CHA vs. CLE,L,240,33,86,0.384,4,13,0.308,13,20,0.65,13,22,35,21,10,5,10,18,83,0,Reg
1610612766,0020400428,"JAN 01, 2005",CHA @ MIA,L,240,36,82,0.439,4,9,0.444,14,25,0.56,12,24,36,19,9,3,11,23,90,0,Reg
1610612766,0020400422,"DEC 31, 2004",CHA vs. SEA,L,240,42,87,0.483,2,11,0.182,11,13,0.846,19,18,37,30,8,7,16,22,97,0,Reg
1610612766,0020400409,"DEC 29, 2004",CHA vs. IND,L,240,31,85,0.365,3,10,0.3,6,13,0.462,19,30,49,24,4,9,15,16,71,0,Reg
1610612766,0020400392,"DEC 27, 2004",CHA @ WAS,L,240,37,84,0.44,4,17,0.235,9,17,0.529,14,22,36,26,7,4,14,22,87,0,Reg
1610612766,0020400383,"DEC 26, 2004",CHA @ NYK,L,240,33,88,0.375,3,13,0.231,13,20,0.65,23,24,47,14,13,4,17,20,82,0,Reg
1610612766,0020400374,"DEC 22, 2004",CHA @ HOU,W,240,35,80,0.438,5,10,0.5,15,23,0.652,6,30,36,24,8,6,13,22,90,0,Reg
1610612766,0020400360,"DEC 21, 2004",CHA vs. NJN,L,240,34,82,0.415,8,15,0.533,15,29,0.517,14,27,41,21,11,8,16,31,91,0,Reg
1610612766,0020400340,"DEC 18, 2004",CHA vs. HOU,W,265,31,87,0.356,5,14,0.357,34,44,0.773,14,39,53,24,18,3,15,26,101,0,Reg
1610612766,0020400308,"DEC 14, 2004",CHA vs. NOK,W,265,37,88,0.42,2,5,0.4,18,27,0.667,20,29,49,23,11,6,14,23,94,0,Reg
1610612766,0020400300,"DEC 12, 2004",CHA @ GSW,L,240,36,80,0.45,4,7,0.571,11,19,0.579,15,35,50,21,8,4,26,22,87,0,Reg
1610612766,0020400284,"DEC 10, 2004",CHA @ PHO,L,240,45,109,0.413,5,21,0.238,11,14,0.786,17,32,49,24,9,1,6,20,106,0,Reg
1610612766,0020400262,"DEC 07, 2004",CHA @ SAC,L,240,38,99,0.384,4,19,0.211,12,18,0.667,19,26,45,16,7,6,10,27,92,0,Reg
1610612766,0020400254,"DEC 06, 2004",CHA @ LAC,L,290,37,98,0.378,7,13,0.538,12,17,0.706,16,23,39,24,14,4,12,25,93,0,Reg
1610612766,0020400233,"DEC 04, 2004",CHA vs. NYK,W,240,40,92,0.435,5,12,0.417,22,28,0.786,11,26,37,27,10,3,6,21,107,0,Reg
1610612766,0020400202,"NOV 30, 2004",CHA @ NJN,L,240,35,84,0.417,2,10,0.2,14,19,0.737,17,14,31,22,8,5,13,26,86,0,Reg
1610612766,0020400185,"NOV 27, 2004",CHA vs. ATL,W,240,38,75,0.507,4,11,0.364,27,34,0.794,6,28,34,27,13,7,12,16,107,0,Reg
1610612766,0020400176,"NOV 26, 2004",CHA @ IND,L,240,30,77,0.39,2,6,0.333,15,20,0.75,11,32,43,21,8,10,16,25,77,0,Reg
1610612766,0020400151,"NOV 23, 2004",CHA vs. DET,W,240,37,78,0.474,1,2,0.5,16,23,0.696,16,28,44,25,8,2,15,22,91,0,Reg
1610612766,0020400140,"NOV 21, 2004",CHA @ DET,L,290,41,88,0.466,5,9,0.556,29,38,0.763,15,29,44,27,5,11,17,33,116,0,Reg
1610612766,0020400131,"NOV 20, 2004",CHA @ CLE,L,240,31,85,0.365,5,10,0.5,17,30,0.567,19,25,44,15,9,6,16,24,84,0,Reg
1610612766,0020400118,"NOV 18, 2004",CHA vs. CLE,L,240,33,82,0.402,1,6,0.167,22,34,0.647,16,23,39,22,10,5,13,20,89,0,Reg
1610612766,0020400099,"NOV 16, 2004",CHA vs. UTH,L,240,37,65,0.569,3,9,0.333,28,41,0.683,7,20,27,23,5,6,19,34,105,0,Reg
1610612766,0020400082,"NOV 13, 2004",CHA vs. GOS,L,240,35,82,0.427,3,10,0.3,14,21,0.667,13,23,36,18,6,5,14,27,87,0,Reg
1610612766,0020400074,"NOV 12, 2004",CHA @ BOS,L,240,30,75,0.4,4,15,0.267,10,17,0.588,12,28,40,21,10,7,25,25,74,0,Reg
1610612766,0020400064,"NOV 10, 2004",CHA @ MIL,L,240,40,90,0.444,5,12,0.417,15,21,0.714,15,29,44,25,7,3,10,27,100,0,Reg
1610612766,0020400031,"NOV 06, 2004",CHA vs. ORL,W,240,40,88,0.455,3,4,0.75,28,43,0.651,13,36,49,23,7,6,14,29,111,0,Reg
1610612766,0020400017,"NOV 04, 2004",CHA vs. WAS,L,240,37,78,0.474,1,8,0.125,21,32,0.656,14,28,42,22,6,5,19,27,96,0,Reg
1610612766,0020501221,"APR 19, 2006",CHA vs. PHI,W,240,37,83,0.446,6,16,0.375,16,19,0.842,14,25,39,21,14,5,15,19,96,0,Reg
1610612766,0020501206,"APR 17, 2006",CHA @ NYK,W,240,39,81,0.481,8,13,0.615,12,16,0.75,9,27,36,22,8,4,13,23,98,0,Reg
1610612766,0020501189,"APR 15, 2006",CHA vs. IND,W,265,38,93,0.409,5,14,0.357,11,18,0.611,15,39,54,22,11,4,12,19,92,0,Reg
1610612766,0020501178,"APR 14, 2006",CHA @ ATL,W,240,42,78,0.538,8,18,0.444,24,32,0.75,10,26,36,21,11,7,15,20,116,0,Reg
1610612766,0020501166,"APR 12, 2006",CHA vs. MEM,L,240,36,89,0.404,3,15,0.2,13,16,0.813,14,31,45,23,5,5,13,29,88,0,Reg
1610612766,0020501140,"APR 09, 2006",CHA @ TOR,W,240,40,88,0.455,2,14,0.143,12,15,0.8,15,29,44,25,10,3,16,22,94,0,Reg
1610612766,0020501118,"APR 06, 2006",CHA @ NJN,L,240,34,85,0.4,4,13,0.308,30,39,0.769,12,31,43,21,7,1,9,17,102,0,Reg
1610612766,0020501099,"APR 04, 2006",CHA vs. MIN,W,240,37,83,0.446,7,14,0.5,16,19,0.842,6,31,37,18,12,8,17,22,97,0,Reg
1610612766,0020501092,"APR 02, 2006",CHA vs. CLE,L,240,34,85,0.4,4,16,0.25,25,31,0.806,14,20,34,18,11,6,11,23,97,0,Reg
1610612766,0020501071,"MAR 31, 2006",CHA vs. CHI,L,240,38,85,0.447,4,20,0.2,27,38,0.711,7,33,40,22,6,5,10,27,107,0,Reg
1610612766,0020501047,"MAR 28, 2006",CHA vs. ATL,W,240,50,88,0.568,5,10,0.5,20,28,0.714,9,28,37,30,9,3,10,23,125,0,Reg
1610612766,0020501037,"MAR 26, 2006",CHA @ MEM,L,240,34,78,0.436,4,14,0.286,23,30,0.767,10,23,33,23,10,7,10,27,95,0,Reg
1610612766,0020501021,"MAR 24, 2006",CHA @ MIA,L,240,38,85,0.447,7,22,0.318,10,15,0.667,10,24,34,20,9,2,12,24,93,0,Reg
1610612766,0020501004,"MAR 22, 2006",CHA @ CLE,L,265,44,98,0.449,7,25,0.28,23,31,0.742,15,31,46,21,10,3,10,30,118,0,Reg
1610612766,0020500994,"MAR 21, 2006",CHA vs. ORL,W,240,40,90,0.444,7,23,0.304,21,26,0.808,17,27,44,26,9,5,8,21,108,0,Reg
1610612766,0020500975,"MAR 18, 2006",CHA vs. DET,L,240,45,89,0.506,4,14,0.286,9,13,0.692,14,19,33,20,8,3,12,23,103,0,Reg
1610612766,0020500951,"MAR 15, 2006",CHA @ WAS,L,240,36,90,0.4,10,25,0.4,17,22,0.773,10,23,33,22,8,1,11,28,99,0,Reg
1610612766,0020500942,"MAR 14, 2006",CHA vs. WAS,L,240,40,85,0.471,9,24,0.375,25,39,0.641,12,28,40,19,12,2,15,29,114,0,Reg
1610612766,0020500932,"MAR 12, 2006",CHA @ DET,L,240,31,82,0.378,5,18,0.278,11,15,0.733,11,29,40,20,11,1,14,17,78,0,Reg
1610612766,0020500922,"MAR 11, 2006",CHA vs. NYK,W,240,40,85,0.471,11,21,0.524,25,43,0.581,15,29,44,28,9,8,9,30,116,0,Reg
1610612766,0020500899,"MAR 08, 2006",CHA vs. GSW,W,240,37,84,0.44,9,18,0.5,21,26,0.808,13,21,34,26,10,5,12,19,104,0,Reg
1610612766,0020500884,"MAR 06, 2006",CHA vs. MIA,L,265,38,86,0.442,7,17,0.412,22,28,0.786,10,34,44,21,9,5,9,23,105,0,Reg
1610612766,0020500862,"MAR 03, 2006",CHA @ DAL,L,240,26,74,0.351,6,16,0.375,18,27,0.667,10,27,37,16,11,5,13,20,76,0,Reg
1610612766,0020500850,"MAR 01, 2006",CHA @ UTA,W,240,36,69,0.522,7,16,0.438,25,31,0.806,3,28,31,23,10,3,9,28,104,0,Reg
1610612766,0020500837,"FEB 27, 2006",CHA @ LAC,L,240,33,79,0.418,3,11,0.273,18,24,0.75,8,32,40,23,11,2,21,26,87,0,Reg
1610612766,0020500821,"FEB 25, 2006",CHA @ PHX,L,240,49,100,0.49,11,20,0.55,12,15,0.8,8,32,40,24,6,1,10,25,121,0,Reg
1610612766,0020500799,"FEB 22, 2006",CHA @ POR,W,240,46,90,0.511,6,13,0.462,12,17,0.706,12,28,40,29,6,5,7,17,110,0,Reg
1610612766,0020500787,"FEB 21, 2006",CHA @ DEN,L,240,34,92,0.37,3,15,0.2,13,18,0.722,12,28,40,25,11,2,15,21,84,0,Reg
1610612766,0020500769,"FEB 15, 2006",CHA vs. NJN,L,240,35,75,0.467,5,11,0.455,19,22,0.864,8,26,34,19,5,5,14,21,94,0,Reg
1610612766,0020500752,"FEB 13, 2006",CHA vs. POR,L,240,27,67,0.403,5,20,0.25,24,33,0.727,10,32,42,17,9,5,21,18,83,0,Reg
1610612766,0020500739,"FEB 11, 2006",CHA @ MIL,L,240,33,75,0.44,6,22,0.273,21,26,0.808,8,29,37,27,7,5,14,30,93,0,Reg
1610612766,0020500729,"FEB 10, 2006",CHA vs. TOR,L,240,21,66,0.318,8,21,0.381,23,32,0.719,9,30,39,11,15,0,20,22,73,0,Reg
1610612766,0020500715,"FEB 08, 2006",CHA vs. PHI,W,240,42,96,0.438,6,16,0.375,10,14,0.714,18,36,54,23,10,2,14,15,100,0,Reg
1610612766,0020500701,"FEB 06, 2006",CHA vs. SEA,W,240,47,83,0.566,8,15,0.533,17,26,0.654,11,23,34,29,12,6,17,30,119,0,Reg
1610612766,0020500679,"FEB 03, 2006",CHA vs. LAL,W,240,39,81,0.481,8,15,0.533,26,36,0.722,13,26,39,24,17,3,16,29,112,0,Reg
1610612766,0020500666,"FEB 01, 2006",CHA vs. ATL,L,240,37,88,0.42,5,18,0.278,13,17,0.765,11,24,35,22,9,2,16,31,92,0,Reg
1610612766,0020500648,"JAN 30, 2006",CHA vs. CLE,L,240,37,85,0.435,5,21,0.238,12,21,0.571,14,27,41,26,10,5,16,23,91,0,Reg
1610612766,0020500632,"JAN 28, 2006",CHA @ WAS,L,240,37,85,0.435,8,21,0.381,15,21,0.714,7,28,35,21,8,2,7,32,97,0,Reg
1610612766,0020500623,"JAN 27, 2006",CHA vs. MIA,L,240,33,80,0.413,7,19,0.368,12,16,0.75,9,26,35,20,7,2,11,18,85,0,Reg
1610612766,0020500610,"JAN 25, 2006",CHA @ HOU,L,240,27,65,0.415,5,13,0.385,19,26,0.731,5,29,34,18,3,2,17,23,78,0,Reg
1610612766,0020500603,"JAN 24, 2006",CHA @ SAS,L,240,32,80,0.4,3,6,0.5,9,13,0.692,10,24,34,19,10,2,13,14,76,0,Reg
1610612766,0020500581,"JAN 21, 2006",CHA @ MIL,L,240,31,81,0.383,4,14,0.286,25,31,0.806,14,22,36,22,15,1,15,24,91,0,Reg
1610612766,0020500568,"JAN 20, 2006",CHA vs. ORL,L,240,34,86,0.395,6,21,0.286,19,35,0.543,14,26,40,17,9,3,12,23,93,0,Reg
1610612766,0020500553,"JAN 18, 2006",CHA @ IND,L,240,39,81,0.481,5,12,0.417,9,13,0.692,9,20,29,26,11,4,13,22,92,0,Reg
1610612766,0020500538,"JAN 16, 2006",CHA vs. NOK,L,240,29,77,0.377,4,13,0.308,30,39,0.769,9,30,39,19,7,8,17,27,92,0,Reg
1610612766,0020500523,"JAN 14, 2006",CHA @ DET,L,240,37,75,0.493,2,7,0.286,15,23,0.652,7,21,28,15,7,2,13,25,91,0,Reg
1610612766,0020500515,"JAN 13, 2006",CHA vs. MIL,L,240,41,91,0.451,9,29,0.31,11,19,0.579,11,27,38,20,19,8,13,26,102,0,Reg
1610612766,0020500500,"JAN 11, 2006",CHA @ TOR,L,240,29,71,0.408,6,13,0.462,22,26,0.846,8,29,37,15,8,2,15,26,86,0,Reg
1610612766,0020500493,"JAN 10, 2006",CHA vs. HOU,W,290,40,91,0.44,2,11,0.182,29,37,0.784,17,35,52,28,11,9,14,17,111,0,Reg
1610612766,0020500474,"JAN 07, 2006",CHA @ ORL,L,240,31,83,0.373,6,16,0.375,24,35,0.686,13,20,33,15,12,3,13,30,92,0,Reg
1610612766,0020500449,"JAN 04, 2006",CHA @ BOS,L,240,40,100,0.4,1,8,0.125,25,35,0.714,17,22,39,22,16,6,5,24,106,0,Reg
1610612766,0020500869,"JAN 02, 2006",CHA @ NOK,L,240,33,77,0.429,6,22,0.273,14,22,0.636,17,26,43,12,7,5,20,29,86,0,Reg
1610612766,0020500421,"DEC 30, 2005",CHA vs. PHX,L,240,37,81,0.457,10,20,0.5,16,23,0.696,6,27,33,24,7,4,14,22,100,0,Reg
1610612766,0020500408,"DEC 28, 2005",CHA vs. CHI,W,240,33,88,0.375,2,12,0.167,25,31,0.806,21,29,50,11,12,5,16,18,93,0,Reg
1610612766,0020500397,"DEC 27, 2005",CHA @ ATL,W,240,36,73,0.493,1,3,0.333,20,30,0.667,5,33,38,15,7,8,13,17,93,0,Reg
1610612766,0020500374,"DEC 23, 2005",CHA vs. LAC,L,240,30,81,0.37,4,13,0.308,24,34,0.706,11,26,37,20,10,5,10,18,88,0,Reg
1610612766,0020500357,"DEC 20, 2005",CHA @ CHI,W,240,39,76,0.513,2,10,0.2,25,34,0.735,11,28,39,25,7,8,13,20,105,0,Reg
1610612766,0020500349,"DEC 19, 2005",CHA vs. SAC,W,265,39,88,0.443,4,18,0.222,24,36,0.667,14,29,43,22,14,5,15,27,106,0,Reg
1610612766,0020500335,"DEC 17, 2005",CHA vs. DET,L,240,31,88,0.352,4,12,0.333,12,16,0.75,16,30,46,18,6,2,15,23,78,0,Reg
1610612766,0020500310,"DEC 14, 2005",CHA @ NJN,W,240,34,79,0.43,2,9,0.222,21,35,0.6,12,38,50,16,9,8,13,25,91,0,Reg
1610612766,0020500302,"DEC 13, 2005",CHA vs. DEN,L,240,33,79,0.418,3,16,0.188,16,23,0.696,16,27,43,24,13,3,26,23,85,0,Reg
1610612766,0020500284,"DEC 10, 2005",CHA vs. TOR,L,240,41,96,0.427,4,15,0.267,17,26,0.654,21,27,48,21,8,5,10,28,103,0,Reg
1610612766,0020500270,"DEC 09, 2005",CHA @ PHI,L,240,47,90,0.522,10,21,0.476,11,19,0.579,10,28,38,34,11,5,16,25,115,0,Reg
1610612766,0020500261,"DEC 07, 2005",CHA vs. NJN,L,240,32,84,0.381,1,7,0.143,19,27,0.704,16,27,43,12,11,9,13,21,84,0,Reg
1610612766,0020500244,"DEC 04, 2005",CHA @ LAL,L,240,40,81,0.494,3,14,0.214,15,23,0.652,15,24,39,19,9,5,13,21,98,0,Reg
1610612766,0020500229,"DEC 02, 2005",CHA @ GSW,L,240,27,81,0.333,3,14,0.214,43,52,0.827,13,29,42,17,11,10,13,27,100,0,Reg
1610612766,0020500215,"NOV 30, 2005",CHA @ SEA,L,240,33,75,0.44,3,13,0.231,25,30,0.833,13,31,44,20,4,4,17,19,94,0,Reg
1610612766,0020500205,"NOV 29, 2005",CHA @ SAC,L,240,39,96,0.406,5,17,0.294,9,13,0.692,16,30,46,21,12,4,16,24,92,0,Reg
1610612766,0020500184,"NOV 26, 2005",CHA vs. WAS,W,240,40,88,0.455,5,18,0.278,15,26,0.577,18,32,50,21,10,6,18,26,100,0,Reg
1610612766,0020500171,"NOV 25, 2005",CHA @ BOS,L,240,36,82,0.439,4,16,0.25,13,22,0.591,13,29,42,21,6,7,19,24,89,0,Reg
1610612766,0020500158,"NOV 23, 2005",CHA vs. NYK,W,240,39,88,0.443,10,23,0.435,20,25,0.8,21,22,43,24,11,5,14,24,108,0,Reg
1610612766,0020500135,"NOV 19, 2005",CHA @ MIN,L,240,27,73,0.37,7,17,0.412,28,32,0.875,10,26,36,17,9,3,12,24,89,0,Reg
1610612766,0020500121,"NOV 18, 2005",CHA @ IND,L,240,35,93,0.376,5,15,0.333,10,14,0.714,20,24,44,18,12,7,19,28,85,0,Reg
1610612766,0020500111,"NOV 16, 2005",CHA vs. IND,W,240,41,78,0.526,11,18,0.611,29,32,0.906,5,30,35,23,17,5,10,25,122,0,Reg
1610612766,0020500099,"NOV 15, 2005",CHA @ ORL,L,240,30,79,0.38,3,10,0.3,14,17,0.824,10,27,37,20,7,2,10,28,77,0,Reg
1610612766,0020500083,"NOV 12, 2005",CHA @ MIA,L,240,34,87,0.391,6,14,0.429,25,36,0.694,8,20,28,21,20,5,8,23,99,0,Reg
1610612766,0020500075,"NOV 11, 2005",CHA vs. DAL,L,240,24,67,0.358,2,9,0.222,38,52,0.731,10,26,36,12,10,3,12,28,88,0,Reg
1610612766,0020500061,"NOV 09, 2005",CHA vs. SAS,L,240,37,90,0.411,1,7,0.143,11,19,0.579,12,26,38,16,14,5,12,23,86,0,Reg
1610612766,0020500047,"NOV 07, 2005",CHA vs. UTA,L,265,31,89,0.348,2,12,0.167,27,36,0.75,18,26,44,17,12,4,12,37,91,0,Reg
1610612766,0020500033,"NOV 05, 2005",CHA vs. BOS,W,265,34,79,0.43,3,9,0.333,36,47,0.766,12,27,39,20,15,3,22,25,107,0,Reg
1610612766,0020500021,"NOV 04, 2005",CHA @ PHI,W,240,41,88,0.466,4,8,0.5,24,32,0.75,15,33,48,30,7,3,12,25,110,0,Reg
1610612766,0020500012,"NOV 02, 2005",CHA @ CHI,L,265,38,93,0.409,2,12,0.167,27,35,0.771,18,38,56,22,13,3,18,31,105,0,Reg
1610612766,0020601218,"APR 18, 2007",CHA vs. NYK,L,240,37,81,0.457,8,15,0.533,11,19,0.579,6,23,29,25,12,1,13,28,93,0,Reg
1610612766,0020601190,"APR 14, 2007",CHA @ MIL,W,240,48,80,0.6,9,17,0.529,8,14,0.571,9,25,34,39,12,3,18,22,113,0,Reg
1610612766,0020601182,"APR 13, 2007",CHA @ CHI,L,240,30,76,0.395,5,16,0.313,16,24,0.667,8,21,29,17,8,2,13,22,81,0,Reg
1610612766,0020601159,"APR 10, 2007",CHA vs. MIA,W,240,34,78,0.436,8,19,0.421,16,19,0.842,10,26,36,24,9,1,12,16,92,0,Reg
1610612766,0020601146,"APR 08, 2007",CHA @ MIA,W,265,40,83,0.482,8,18,0.444,23,29,0.793,12,28,40,23,20,2,19,30,111,0,Reg
1610612766,0020601122,"APR 06, 2007",CHA vs. IND,L,240,40,92,0.435,7,15,0.467,15,22,0.682,13,23,36,21,9,6,7,22,102,0,Reg
1610612766,0020601108,"APR 04, 2007",CHA @ WAS,W,240,41,82,0.5,6,18,0.333,20,22,0.909,9,31,40,30,10,1,8,22,108,0,Reg
1610612766,0020601100,"APR 03, 2007",CHA vs. WAS,W,240,51,89,0.573,6,13,0.462,14,21,0.667,8,33,41,36,7,3,9,19,122,0,Reg
1610612766,0020601095,"APR 01, 2007",CHA @ TOR,L,240,37,82,0.451,5,18,0.278,15,21,0.714,7,27,34,21,5,2,13,22,94,0,Reg
1610612766,0020601074,"MAR 30, 2007",CHA vs. MIL,W,240,36,93,0.387,2,15,0.133,23,32,0.719,21,27,48,29,14,7,7,18,97,0,Reg
1610612766,0020601060,"MAR 28, 2007",CHA vs. ATL,W,240,37,76,0.487,6,12,0.5,21,30,0.7,6,32,38,27,10,10,13,24,101,0,Reg
1610612766,0020601032,"MAR 24, 2007",CHA vs. NJN,L,265,40,77,0.519,6,13,0.462,21,26,0.808,5,23,28,27,6,1,9,26,107,0,Reg
1610612766,0020601021,"MAR 23, 2007",CHA @ PHI,L,240,35,79,0.443,5,19,0.263,22,30,0.733,8,20,28,25,5,5,12,13,97,0,Reg
1610612766,0020601009,"MAR 21, 2007",CHA @ BOS,W,240,35,79,0.443,7,21,0.333,15,19,0.789,8,28,36,22,10,2,15,20,92,0,Reg
1610612766,0020600998,"MAR 20, 2007",CHA vs. CLE,W,265,37,83,0.446,9,16,0.563,25,31,0.806,14,32,46,20,2,6,20,23,108,0,Reg
1610612766,0020600985,"MAR 17, 2007",CHA @ MIL,L,240,31,68,0.456,5,15,0.333,24,36,0.667,10,28,38,22,3,0,15,21,91,0,Reg
1610612766,0020600972,"MAR 16, 2007",CHA vs. LAC,L,240,32,78,0.41,5,19,0.263,24,29,0.828,11,28,39,21,9,3,15,15,93,0,Reg
1610612766,0020600959,"MAR 14, 2007",CHA vs. SAC,W,240,43,92,0.467,12,20,0.6,13,16,0.813,16,26,42,26,8,2,13,28,111,0,Reg
1610612766,0020600943,"MAR 12, 2007",CHA vs. ORL,W,240,42,75,0.56,14,22,0.636,21,25,0.84,4,23,27,39,9,6,13,25,119,0,Reg
1610612766,0020600928,"MAR 10, 2007",CHA vs. MEM,L,240,37,85,0.435,6,20,0.3,27,40,0.675,11,24,35,23,11,3,9,28,107,0,Reg
1610612766,0020600915,"MAR 07, 2007",CHA @ PHX,L,265,42,95,0.442,6,16,0.375,16,21,0.762,16,37,53,23,6,2,13,20,106,0,Reg
1610612766,0020600898,"MAR 05, 2007",CHA @ UTA,L,240,34,73,0.466,5,17,0.294,22,29,0.759,6,15,21,16,9,3,15,30,95,0,Reg
1610612766,0020600893,"MAR 04, 2007",CHA @ SEA,L,240,32,73,0.438,4,16,0.25,21,25,0.84,9,30,39,19,6,0,15,26,89,0,Reg
1610612766,0020600866,"MAR 01, 2007",CHA @ POR,L,240,34,81,0.42,6,12,0.5,16,21,0.762,10,21,31,13,5,2,15,23,90,0,Reg
1610612766,0020600863,"FEB 28, 2007",CHA @ SAC,L,240,44,85,0.518,8,22,0.364,24,29,0.828,10,19,29,26,12,5,14,32,120,0,Reg
1610612766,0020600849,"FEB 26, 2007",CHA @ LAC,L,240,35,79,0.443,6,17,0.353,17,23,0.739,8,29,37,19,2,3,16,33,93,0,Reg
1610612766,0020600827,"FEB 24, 2007",CHA vs. TOR,L,240,27,82,0.329,4,21,0.19,18,27,0.667,12,36,48,17,7,4,11,18,76,0,Reg
1610612766,0020600815,"FEB 23, 2007",CHA vs. PHI,W,240,41,80,0.512,7,18,0.389,13,24,0.542,11,29,40,24,10,2,14,23,102,0,Reg
1610612766,0020600806,"FEB 21, 2007",CHA @ MIN,W,240,37,85,0.435,7,22,0.318,19,28,0.679,18,28,46,19,6,3,9,20,100,0,Reg
1610612766,0020600791,"FEB 20, 2007",CHA vs. NOK,W,240,38,85,0.447,10,17,0.588,18,20,0.9,8,28,36,27,8,6,10,24,104,0,Reg
1610612766,0020600777,"FEB 14, 2007",CHA vs. CHI,W,240,36,74,0.486,8,16,0.5,20,28,0.714,8,33,41,24,8,11,13,22,100,0,Reg
1610612766,0020600753,"FEB 10, 2007",CHA @ HOU,L,240,33,74,0.446,7,12,0.583,10,15,0.667,8,36,44,25,5,2,27,21,83,0,Reg
1610612766,0020600740,"FEB 09, 2007",CHA vs. POR,L,265,38,95,0.4,3,15,0.2,21,33,0.636,14,36,50,22,13,4,14,33,100,0,Reg
1610612766,0020600726,"FEB 07, 2007",CHA @ PHI,L,240,31,88,0.352,3,11,0.273,18,22,0.818,13,32,45,20,10,5,16,28,83,0,Reg
1610612766,0020600716,"FEB 05, 2007",CHA @ MIA,L,240,36,79,0.456,4,17,0.235,17,24,0.708,11,21,32,21,9,2,16,26,93,0,Reg
1610612766,0020600700,"FEB 03, 2007",CHA vs. GSW,W,240,36,83,0.434,8,24,0.333,18,24,0.75,12,30,42,20,7,7,12,23,98,0,Reg
1610612766,0020600694,"FEB 02, 2007",CHA @ CLE,L,240,28,67,0.418,5,9,0.556,20,28,0.714,4,30,34,14,7,2,18,28,81,0,Reg
1610612766,0020600675,"JAN 31, 2007",CHA vs. NYK,W,240,36,78,0.462,9,18,0.5,23,34,0.676,11,35,46,23,5,4,12,27,104,0,Reg
1610612766,0020600666,"JAN 29, 2007",CHA @ DEN,W,240,40,81,0.494,7,18,0.389,18,24,0.75,12,31,43,27,6,7,16,24,105,0,Reg
1610612766,0020600654,"JAN 27, 2007",CHA @ GSW,L,240,37,83,0.446,3,15,0.2,28,41,0.683,19,26,45,20,10,5,22,29,105,0,Reg
1610612766,0020600644,"JAN 26, 2007",CHA @ LAL,W,265,41,92,0.446,3,15,0.2,21,26,0.808,14,37,51,24,14,9,14,27,106,0,Reg
1610612766,0020600622,"JAN 24, 2007",CHA vs. DET,L,240,33,72,0.458,5,12,0.417,21,33,0.636,16,26,42,19,7,1,17,22,92,0,Reg
1610612766,0020600606,"JAN 22, 2007",CHA @ TOR,L,240,33,76,0.434,7,23,0.304,11,17,0.647,9,23,32,25,6,4,15,22,84,0,Reg
1610612766,0020600593,"JAN 20, 2007",CHA vs. ATL,W,240,42,65,0.646,5,9,0.556,15,22,0.682,5,20,25,26,4,5,13,24,104,0,Reg
1610612766,0020600586,"JAN 19, 2007",CHA @ ATL,W,240,39,81,0.481,4,17,0.235,14,22,0.636,15,32,47,20,6,5,12,22,96,0,Reg
1610612766,0020600570,"JAN 17, 2007",CHA vs. NJN,L,240,29,75,0.387,5,16,0.313,22,35,0.629,18,35,53,16,4,3,14,24,85,0,Reg
1610612766,0020600556,"JAN 15, 2007",CHA vs. MIL,L,240,32,81,0.395,5,21,0.238,22,28,0.786,21,25,46,20,7,6,13,21,91,0,Reg
1610612766,0020600542,"JAN 13, 2007",CHA vs. PHI,W,240,31,81,0.383,8,18,0.444,19,22,0.864,10,30,40,19,12,4,14,26,89,0,Reg
1610612766,0020600533,"JAN 12, 2007",CHA @ NYK,W,240,48,81,0.593,10,18,0.556,20,27,0.741,3,26,29,30,8,10,10,25,126,0,Reg
1610612766,0020600520,"JAN 10, 2007",CHA @ DET,W,240,33,70,0.471,5,15,0.333,32,38,0.842,10,34,44,18,7,3,15,24,103,0,Reg
1610612766,0020600481,"JAN 05, 2007",CHA @ ORL,L,240,25,86,0.291,8,24,0.333,16,23,0.696,16,20,36,15,6,3,11,23,74,0,Reg
1610612766,0020600458,"JAN 01, 2007",CHA vs. MIN,L,240,39,75,0.52,10,19,0.526,8,11,0.727,10,26,36,25,5,4,16,28,96,0,Reg
1610612766,0020600443,"DEC 30, 2006",CHA @ IND,W,240,37,74,0.5,8,12,0.667,31,38,0.816,9,36,45,28,5,8,13,28,113,0,Reg
1610612766,0020600431,"DEC 29, 2006",CHA vs. LAL,W,315,47,112,0.42,6,22,0.273,33,38,0.868,20,44,64,26,6,5,15,32,133,0,Reg
1610612766,0020600416,"DEC 27, 2006",CHA vs. WAS,L,240,39,91,0.429,5,20,0.25,24,31,0.774,15,30,45,19,9,4,11,33,107,0,Reg
1610612766,0020600409,"DEC 26, 2006",CHA @ DAL,L,240,31,76,0.408,4,11,0.364,18,27,0.667,16,27,43,17,8,5,14,23,84,0,Reg
1610612766,0020600399,"DEC 23, 2006",CHA @ CHI,L,240,32,90,0.356,3,16,0.188,9,15,0.6,15,33,48,22,4,5,19,24,76,0,Reg
1610612766,0020600379,"DEC 22, 2006",CHA vs. UTA,W,240,37,84,0.44,3,12,0.25,24,33,0.727,16,27,43,26,11,3,13,27,101,0,Reg
1610612766,0020600368,"DEC 20, 2006",CHA @ NYK,L,290,45,106,0.425,6,20,0.3,13,15,0.867,14,30,44,27,9,5,12,30,109,0,Reg
1610612766,0020600341,"DEC 16, 2006",CHA vs. BOS,L,240,37,87,0.425,5,20,0.25,21,27,0.778,16,27,43,22,5,15,16,21,100,0,Reg
1610612766,0020600326,"DEC 14, 2006",CHA vs. ORL,W,240,33,81,0.407,5,14,0.357,28,34,0.824,14,28,42,17,14,5,10,17,99,0,Reg
1610612766,0020600317,"DEC 13, 2006",CHA @ CLE,L,240,41,88,0.466,6,14,0.429,13,20,0.65,14,25,39,32,6,3,12,24,101,0,Reg
1610612766,0020600296,"DEC 10, 2006",CHA vs. PHX,L,240,33,81,0.407,5,17,0.294,13,15,0.867,6,27,33,22,5,8,13,15,84,0,Reg
1610612766,0020600274,"DEC 08, 2006",CHA vs. HOU,L,240,23,81,0.284,2,11,0.182,14,19,0.737,14,32,46,13,8,4,20,20,62,0,Reg
1610612766,0020600261,"DEC 06, 2006",CHA vs. SAS,L,240,29,71,0.408,3,11,0.273,15,21,0.714,11,26,37,16,7,7,15,19,76,0,Reg
1610612766,0020600245,"DEC 03, 2006",CHA vs. DET,W,240,37,75,0.493,6,13,0.462,17,22,0.773,9,30,39,23,6,4,15,20,97,0,Reg
1610612766,0020600225,"DEC 01, 2006",CHA @ WAS,L,240,42,80,0.525,7,15,0.467,18,24,0.75,12,24,36,22,8,6,21,24,109,0,Reg
1610612766,0020600213,"NOV 29, 2006",CHA @ ATL,L,240,30,82,0.366,4,17,0.235,26,33,0.788,15,22,37,20,7,3,7,20,90,0,Reg
1610612766,0020600205,"NOV 28, 2006",CHA @ NJN,W,240,38,83,0.458,4,8,0.5,16,25,0.64,8,27,35,23,8,6,11,29,96,0,Reg
1610612766,0020600185,"NOV 25, 2006",CHA vs. MIA,L,240,33,81,0.407,4,14,0.286,23,33,0.697,14,25,39,21,8,0,15,29,93,0,Reg
1610612766,0020600175,"NOV 24, 2006",CHA @ DET,L,240,38,79,0.481,2,8,0.25,17,21,0.81,7,30,37,29,9,5,13,15,95,0,Reg
1610612766,0020600159,"NOV 22, 2006",CHA vs. BOS,W,240,33,79,0.418,5,12,0.417,21,29,0.724,9,35,44,17,5,2,13,23,92,0,Reg
1610612766,0020600144,"NOV 20, 2006",CHA vs. DAL,L,240,33,72,0.458,1,11,0.091,18,24,0.75,7,30,37,21,4,8,15,27,85,0,Reg
1610612766,0020600131,"NOV 18, 2006",CHA @ ORL,L,240,31,78,0.397,1,17,0.059,20,26,0.769,11,32,43,19,9,2,16,18,83,0,Reg
1610612766,0020600114,"NOV 15, 2006",CHA @ SAS,W,265,40,92,0.435,4,9,0.444,11,19,0.579,10,31,41,17,12,6,12,28,95,0,Reg
1610612766,0020600102,"NOV 14, 2006",CHA @ NOK,L,240,35,77,0.455,2,7,0.286,13,23,0.565,11,39,50,15,3,10,17,25,85,0,Reg
1610612766,0020600092,"NOV 12, 2006",CHA vs. DEN,L,240,39,82,0.476,2,15,0.133,21,30,0.7,18,31,49,24,9,7,29,30,101,0,Reg
1610612766,0020600075,"NOV 10, 2006",CHA vs. SEA,L,240,31,78,0.397,5,13,0.385,18,22,0.818,12,28,40,20,8,3,17,20,85,0,Reg
1610612766,0020600061,"NOV 08, 2006",CHA @ BOS,L,265,33,84,0.393,1,4,0.25,41,52,0.788,11,32,43,19,11,4,18,29,108,0,Reg
1610612766,0020600032,"NOV 04, 2006",CHA vs. CLE,W,240,31,70,0.443,7,13,0.538,23,30,0.767,7,27,34,21,4,8,15,36,92,0,Reg
1610612766,0020600024,"NOV 03, 2006",CHA @ MEM,L,240,32,68,0.471,3,13,0.231,16,29,0.552,5,32,37,22,6,9,19,28,83,0,Reg
1610612766,0020600004,"NOV 01, 2006",CHA vs. IND,L,240,37,78,0.474,4,10,0.4,21,32,0.656,11,35,46,23,8,7,22,29,99,0,Reg
1610612766,0020701217,"APR 16, 2008",CHA vs. PHI,W,240,45,79,0.57,6,17,0.353,19,24,0.792,11,24,35,34,5,11,11,18,115,0,Reg
1610612766,0020701212,"APR 15, 2008",CHA @ NJN,L,265,39,91,0.429,6,17,0.353,24,27,0.889,13,39,52,20,10,3,17,27,108,0,Reg
1610612766,0020701190,"APR 12, 2008",CHA @ IND,W,240,35,84,0.417,4,13,0.308,33,43,0.767,20,39,59,18,7,5,14,22,107,0,Reg
1610612766,0020701169,"APR 09, 2008",CHA @ NYK,L,240,41,84,0.488,8,22,0.364,17,26,0.654,13,31,44,18,5,6,12,13,107,0,Reg
1610612766,0020701153,"APR 08, 2008",CHA vs. MIN,W,240,43,69,0.623,9,16,0.563,26,35,0.743,5,25,30,29,4,4,15,10,121,0,Reg
1610612766,0020701139,"APR 05, 2008",CHA vs. BOS,L,240,33,78,0.423,3,13,0.231,9,16,0.563,7,28,35,17,6,4,15,19,78,0,Reg
1610612766,0020701126,"APR 04, 2008",CHA @ TOR,W,240,39,83,0.47,8,20,0.4,19,25,0.76,7,36,43,27,7,4,11,17,105,0,Reg
1610612766,0020701114,"APR 02, 2008",CHA vs. CLE,L,240,43,81,0.531,5,14,0.357,23,32,0.719,12,26,38,26,7,4,14,22,114,0,Reg
1610612766,0020701099,"MAR 31, 2008",CHA vs. TOR,L,240,38,84,0.452,8,24,0.333,16,20,0.8,7,31,38,21,9,5,10,26,100,0,Reg
1610612766,0020701088,"MAR 29, 2008",CHA @ POR,W,240,38,76,0.5,6,17,0.353,11,20,0.55,6,26,32,26,8,6,13,20,93,0,Reg
1610612766,0020701083,"MAR 28, 2008",CHA @ SEA,W,240,34,78,0.436,10,19,0.526,18,23,0.783,6,27,33,20,11,3,9,16,96,0,Reg
1610612766,0020701069,"MAR 26, 2008",CHA @ LAL,W,240,39,78,0.5,11,24,0.458,19,28,0.679,11,41,52,26,7,5,18,21,108,0,Reg
1610612766,0020701056,"MAR 25, 2008",CHA @ UTA,L,240,36,72,0.5,9,19,0.474,25,33,0.758,7,21,28,21,10,4,19,25,106,0,Reg
1610612766,0020701030,"MAR 22, 2008",CHA vs. MIA,W,240,36,81,0.444,3,13,0.231,19,24,0.792,11,34,45,22,8,5,13,17,94,0,Reg
1610612766,0020701009,"MAR 19, 2008",CHA @ IND,L,240,34,78,0.436,4,13,0.308,23,30,0.767,9,30,39,17,9,4,15,18,95,0,Reg
1610612766,0020700994,"MAR 17, 2008",CHA @ MEM,L,240,31,76,0.408,4,21,0.19,14,18,0.778,11,31,42,14,7,9,16,26,80,0,Reg
1610612766,0020700987,"MAR 16, 2008",CHA @ CLE,L,240,38,88,0.432,8,23,0.348,7,15,0.467,11,31,42,20,5,4,9,22,91,0,Reg
1610612766,0020700972,"MAR 14, 2008",CHA @ HOU,L,240,32,77,0.416,6,18,0.333,10,14,0.714,9,32,41,18,8,2,13,21,80,0,Reg
1610612766,0020700960,"MAR 12, 2008",CHA @ DAL,L,240,35,77,0.455,8,17,0.471,15,24,0.625,6,26,32,18,9,4,14,21,93,0,Reg
1610612766,0020700925,"MAR 08, 2008",CHA @ WAS,W,240,33,72,0.458,11,23,0.478,23,33,0.697,10,34,44,21,7,5,14,25,100,0,Reg
1610612766,0020700914,"MAR 07, 2008",CHA vs. ATL,W,240,42,82,0.512,9,17,0.529,15,22,0.682,9,32,41,21,9,6,13,25,108,0,Reg
1610612766,0020700898,"MAR 05, 2008",CHA vs. GSW,W,240,40,94,0.426,9,22,0.409,29,41,0.707,18,34,52,14,9,5,10,24,118,0,Reg
1610612766,0020700892,"MAR 04, 2008",CHA @ MIN,W,240,38,74,0.514,10,20,0.5,23,29,0.793,9,30,39,31,11,6,11,14,109,0,Reg
1610612766,0020700880,"MAR 02, 2008",CHA vs. TOR,W,240,40,94,0.426,6,17,0.353,24,26,0.923,18,32,50,17,3,2,7,17,110,0,Reg
1610612766,0020700859,"FEB 29, 2008",CHA @ BOS,L,240,33,82,0.402,11,26,0.423,23,29,0.793,13,31,44,22,9,2,15,23,100,0,Reg
1610612766,0020700850,"FEB 27, 2008",CHA @ NYK,L,240,34,83,0.41,4,12,0.333,17,24,0.708,10,34,44,15,9,4,13,17,89,0,Reg
1610612766,0020700816,"FEB 23, 2008",CHA @ WAS,L,240,37,74,0.5,4,14,0.286,17,23,0.739,10,26,36,21,3,4,14,19,95,0,Reg
1610612766,0020700803,"FEB 22, 2008",CHA vs. SAC,L,265,36,82,0.439,11,25,0.44,32,45,0.711,9,32,41,21,10,8,13,29,115,0,Reg
1610612766,0020700784,"FEB 19, 2008",CHA @ SAS,L,240,22,77,0.286,4,14,0.286,17,24,0.708,10,27,37,13,15,1,14,17,65,0,Reg
1610612766,0020700766,"FEB 13, 2008",CHA vs. ATL,W,265,38,85,0.447,2,13,0.154,22,28,0.786,14,34,48,17,6,9,12,22,100,0,Reg
1610612766,0020700753,"FEB 11, 2008",CHA vs. LAL,L,240,40,80,0.5,5,13,0.385,12,17,0.706,12,23,35,20,5,4,15,23,97,0,Reg
1610612766,0020700747,"FEB 10, 2008",CHA @ DET,L,240,28,72,0.389,4,13,0.308,27,35,0.771,12,23,35,18,5,4,16,25,87,0,Reg
1610612766,0020700727,"FEB 08, 2008",CHA vs. NJN,L,240,35,86,0.407,7,22,0.318,13,21,0.619,12,31,43,14,6,5,12,14,90,0,Reg
1610612766,0020700704,"FEB 04, 2008",CHA @ PHX,L,240,41,83,0.494,7,19,0.368,15,23,0.652,12,29,41,21,7,2,14,16,104,0,Reg
1610612766,0020700693,"FEB 02, 2008",CHA @ DEN,L,240,39,92,0.424,9,20,0.45,14,25,0.56,20,28,48,26,5,8,14,24,101,0,Reg
1610612766,0020700686,"FEB 01, 2008",CHA @ GSW,L,240,37,88,0.42,3,17,0.176,19,26,0.731,15,30,45,24,5,3,15,22,96,0,Reg
1610612766,0020700673,"JAN 30, 2008",CHA @ SAC,L,240,34,83,0.41,7,21,0.333,16,28,0.571,7,32,39,23,9,7,11,22,91,0,Reg
1610612766,0020700655,"JAN 28, 2008",CHA @ LAC,W,240,38,67,0.567,7,16,0.438,24,32,0.75,4,27,31,33,7,4,16,19,107,0,Reg
1610612766,0020700639,"JAN 26, 2008",CHA vs. PHI,L,240,35,87,0.402,8,19,0.421,18,24,0.75,17,25,42,23,7,6,10,26,96,0,Reg
1610612766,0020700632,"JAN 25, 2008",CHA @ CHI,W,240,36,73,0.493,4,11,0.364,14,21,0.667,9,33,42,26,5,8,16,18,90,0,Reg
1610612766,0020700611,"JAN 23, 2008",CHA vs. DAL,L,240,36,81,0.444,3,18,0.167,20,24,0.833,11,31,42,18,5,3,9,21,95,0,Reg
1610612766,0020700597,"JAN 21, 2008",CHA vs. SAS,L,240,38,81,0.469,2,14,0.143,8,11,0.727,8,27,35,24,8,4,12,15,86,0,Reg
1610612766,0020700584,"JAN 19, 2008",CHA vs. MEM,W,240,44,88,0.5,9,20,0.45,8,10,0.8,10,34,44,27,11,9,12,22,105,0,Reg
1610612766,0020700579,"JAN 18, 2008",CHA @ NOH,L,240,37,88,0.42,4,16,0.25,6,7,0.857,13,26,39,27,4,2,11,19,84,0,Reg
1610612766,0020700563,"JAN 16, 2008",CHA vs. ORL,W,240,35,87,0.402,8,22,0.364,21,24,0.875,13,28,41,24,7,4,10,19,99,0,Reg
1610612766,0020700547,"JAN 14, 2008",CHA vs. DEN,W,240,42,87,0.483,10,26,0.385,25,33,0.758,12,31,43,30,6,7,12,27,119,0,Reg
1610612766,0020700535,"JAN 12, 2008",CHA vs. DET,L,265,38,80,0.475,3,16,0.188,21,32,0.656,13,32,45,18,8,10,16,23,100,0,Reg
1610612766,0020700527,"JAN 11, 2008",CHA @ CLE,L,290,40,98,0.408,12,25,0.48,14,24,0.583,14,36,50,25,13,8,15,24,106,0,Reg
1610612766,0020700511,"JAN 09, 2008",CHA @ BOS,W,240,39,80,0.487,4,14,0.286,13,18,0.722,9,33,42,19,7,3,11,19,95,0,Reg
1610612766,0020700502,"JAN 08, 2008",CHA vs. NJN,W,240,44,75,0.587,3,11,0.273,24,33,0.727,8,34,42,24,6,2,12,27,115,0,Reg
1610612766,0020700495,"JAN 06, 2008",CHA vs. MIL,L,240,33,70,0.471,5,13,0.385,18,23,0.783,9,28,37,20,5,5,18,16,89,0,Reg
1610612766,0020700476,"JAN 04, 2008",CHA @ NJN,L,240,37,79,0.468,4,17,0.235,18,22,0.818,7,39,46,26,6,8,21,28,96,0,Reg
1610612766,0020700458,"JAN 02, 2008",CHA vs. CHI,L,240,35,78,0.449,7,15,0.467,20,28,0.714,9,31,40,28,5,7,13,24,97,0,Reg
1610612766,0020700449,"DEC 31, 2007",CHA vs. IND,W,265,34,81,0.42,10,20,0.5,29,40,0.725,11,30,41,21,12,5,10,19,107,0,Reg
1610612766,0020700436,"DEC 29, 2007",CHA @ ORL,L,240,35,74,0.473,8,21,0.381,17,21,0.81,4,32,36,25,6,4,17,25,95,0,Reg
1610612766,0020700422,"DEC 28, 2007",CHA vs. NOH,L,240,32,78,0.41,5,15,0.333,16,21,0.762,9,32,41,17,8,2,15,25,85,0,Reg
1610612766,0020700409,"DEC 26, 2007",CHA vs. WAS,L,240,38,88,0.432,10,22,0.455,18,27,0.667,11,28,39,21,7,2,10,19,104,0,Reg
1610612766,0020700397,"DEC 22, 2007",CHA @ MIL,L,240,41,81,0.506,8,18,0.444,9,16,0.563,10,24,34,24,8,5,17,17,99,0,Reg
1610612766,0020700384,"DEC 21, 2007",CHA vs. NYK,W,240,37,74,0.5,7,17,0.412,24,35,0.686,9,32,41,27,10,8,13,20,105,0,Reg
1610612766,0020700366,"DEC 19, 2007",CHA vs. UTA,W,240,30,69,0.435,5,12,0.417,33,42,0.786,9,31,40,20,8,9,15,20,98,0,Reg
1610612766,0020700340,"DEC 15, 2007",CHA @ ATL,L,240,32,66,0.485,4,14,0.286,16,27,0.593,9,28,37,18,6,2,20,28,84,0,Reg
1610612766,0020700328,"DEC 14, 2007",CHA vs. ORL,L,240,36,79,0.456,5,19,0.263,10,20,0.5,10,26,36,24,8,1,14,29,87,0,Reg
1610612766,0020700316,"DEC 12, 2007",CHA vs. LAC,W,240,40,80,0.5,6,13,0.462,22,31,0.71,10,34,44,26,7,6,11,23,108,0,Reg
1610612766,0020700296,"DEC 09, 2007",CHA @ DET,L,240,34,79,0.43,6,20,0.3,11,14,0.786,8,21,29,22,5,3,11,27,85,0,Reg
1610612766,0020700287,"DEC 08, 2007",CHA vs. CLE,W,240,28,64,0.438,4,9,0.444,36,48,0.75,9,25,34,16,11,8,19,23,96,0,Reg
1610612766,0020700265,"DEC 05, 2007",CHA vs. CHI,L,240,31,76,0.408,6,26,0.231,14,24,0.583,9,28,37,14,9,3,14,25,82,0,Reg
1610612766,0020700250,"DEC 03, 2007",CHA @ TOR,L,240,27,81,0.333,7,23,0.304,18,21,0.857,13,22,35,16,7,5,10,18,79,0,Reg
1610612766,0020700239,"DEC 01, 2007",CHA @ CHI,L,240,37,75,0.493,9,19,0.474,12,23,0.522,8,16,24,22,13,5,16,21,95,0,Reg
1610612766,0020700206,"NOV 27, 2007",CHA @ MIA,L,240,34,74,0.459,4,16,0.25,18,24,0.75,10,21,31,20,6,6,18,23,90,0,Reg
1610612766,0020700185,"NOV 24, 2007",CHA vs. BOS,L,240,36,74,0.486,8,11,0.727,15,19,0.789,10,31,41,23,2,7,14,23,95,0,Reg
1610612766,0020700171,"NOV 23, 2007",CHA @ ORL,L,240,37,90,0.411,5,21,0.238,13,20,0.65,14,36,50,18,6,3,9,28,92,0,Reg
1610612766,0020700157,"NOV 21, 2007",CHA vs. WAS,L,265,40,90,0.444,11,29,0.379,20,29,0.69,11,29,40,22,7,6,16,30,111,0,Reg
1610612766,0020700145,"NOV 19, 2007",CHA vs. POR,W,240,39,83,0.47,5,15,0.333,18,27,0.667,13,26,39,21,10,5,13,20,101,0,Reg
1610612766,0020700132,"NOV 17, 2007",CHA vs. SEA,W,240,39,89,0.438,10,21,0.476,12,20,0.6,17,43,60,23,6,6,15,25,100,0,Reg
1610612766,0020700106,"NOV 14, 2007",CHA @ ATL,L,240,41,83,0.494,8,16,0.5,19,27,0.704,12,17,29,19,12,6,13,22,109,0,Reg
1610612766,0020700096,"NOV 13, 2007",CHA vs. MIA,W,240,34,79,0.43,7,15,0.467,16,22,0.727,9,38,47,22,5,4,8,22,91,0,Reg
1610612766,0020700089,"NOV 11, 2007",CHA vs. HOU,L,240,31,78,0.397,6,14,0.429,14,15,0.933,8,26,34,19,11,4,12,22,82,0,Reg
1610612766,0020700067,"NOV 09, 2007",CHA vs. IND,W,240,32,71,0.451,5,14,0.357,27,44,0.614,14,38,52,19,9,4,16,22,96,0,Reg
1610612766,0020700055,"NOV 07, 2007",CHA @ PHI,L,240,23,75,0.307,0,13,0.0,17,23,0.739,18,28,46,16,5,3,26,21,63,0,Reg
1610612766,0020700044,"NOV 06, 2007",CHA vs. PHX,L,240,30,82,0.366,4,15,0.267,19,28,0.679,23,28,51,11,5,5,22,27,83,0,Reg
1610612766,0020700038,"NOV 04, 2007",CHA @ MIA,W,240,32,69,0.464,8,18,0.444,18,22,0.818,9,31,40,19,8,1,18,24,90,0,Reg
1610612766,0020700015,"NOV 02, 2007",CHA vs. MIL,W,240,37,76,0.487,6,16,0.375,22,43,0.512,17,24,41,20,12,7,18,23,102,0,Reg
1610612766,0020801226,"APR 15, 2009",CHA @ ORL,L,240,24,68,0.353,2,12,0.167,23,34,0.676,8,35,43,15,5,5,12,21,73,0,Reg
1610612766,0020801205,"APR 13, 2009",CHA @ NJN,L,240,33,73,0.452,0,6,0.0,21,27,0.778,8,25,33,17,11,7,14,19,87,0,Reg
1610612766,0020801192,"APR 11, 2009",CHA @ CHI,L,240,38,76,0.5,9,15,0.6,21,30,0.7,14,26,40,25,3,4,15,21,106,0,Reg
1610612766,0020801182,"APR 10, 2009",CHA @ OKC,L,240,29,87,0.333,7,26,0.269,16,21,0.762,12,27,39,16,13,3,14,15,81,0,Reg
1610612766,0020801153,"APR 07, 2009",CHA vs. PHI,W,240,34,74,0.459,8,26,0.308,25,32,0.781,13,29,42,24,4,9,12,18,101,0,Reg
1610612766,0020801144,"APR 05, 2009",CHA @ DET,L,240,33,81,0.407,6,20,0.3,25,33,0.758,15,23,38,14,3,2,11,25,97,0,Reg
1610612766,0020801125,"APR 03, 2009",CHA vs. MIA,L,240,39,76,0.513,6,18,0.333,8,12,0.667,8,32,40,23,5,4,17,22,92,0,Reg
1610612766,0020801114,"APR 01, 2009",CHA @ BOS,L,290,47,102,0.461,10,18,0.556,5,7,0.714,20,24,44,31,12,4,16,21,109,0,Reg
1610612766,0020801104,"MAR 31, 2009",CHA vs. LAL,W,240,35,68,0.515,7,17,0.412,17,22,0.773,6,34,40,25,6,9,16,12,94,0,Reg
1610612766,0020801084,"MAR 28, 2009",CHA vs. NYK,W,240,38,77,0.494,4,14,0.286,16,23,0.696,8,38,46,26,6,6,18,17,96,0,Reg
1610612766,0020801074,"MAR 27, 2009",CHA @ PHI,W,240,37,72,0.514,6,18,0.333,20,29,0.69,13,28,41,21,8,3,17,25,100,0,Reg
1610612766,0020801064,"MAR 25, 2009",CHA @ WAS,L,240,35,75,0.467,4,18,0.222,19,30,0.633,13,28,41,24,15,6,18,17,93,0,Reg
1610612766,0020801035,"MAR 21, 2009",CHA vs. IND,L,240,34,81,0.42,3,13,0.231,12,25,0.48,16,27,43,15,4,6,16,19,83,0,Reg
1610612766,0020801024,"MAR 20, 2009",CHA @ TOR,W,240,42,83,0.506,7,18,0.389,11,13,0.846,8,25,33,21,6,5,11,21,102,0,Reg
1610612766,0020801010,"MAR 18, 2009",CHA vs. SAC,W,240,33,68,0.485,9,19,0.474,29,36,0.806,15,37,52,22,8,8,21,15,104,0,Reg
1610612766,0020800996,"MAR 16, 2009",CHA vs. TOR,W,240,44,89,0.494,6,23,0.261,18,19,0.947,9,32,41,32,10,6,12,26,112,0,Reg
1610612766,0020800980,"MAR 14, 2009",CHA @ MIN,L,240,38,76,0.5,6,21,0.286,18,24,0.75,10,27,37,15,6,0,12,17,100,0,Reg
1610612766,0020800968,"MAR 13, 2009",CHA vs. HOU,L,240,34,80,0.425,5,15,0.333,13,20,0.65,11,27,38,19,10,3,13,21,86,0,Reg
1610612766,0020800951,"MAR 10, 2009",CHA @ SAS,L,240,30,68,0.441,7,12,0.583,19,21,0.905,4,28,32,20,3,7,12,17,86,0,Reg
1610612766,0020800929,"MAR 07, 2009",CHA @ NYK,W,240,41,74,0.554,11,22,0.5,21,24,0.875,6,34,40,24,10,2,19,22,114,0,Reg
1610612766,0020800917,"MAR 06, 2009",CHA vs. ATL,W,240,41,76,0.539,6,15,0.4,10,16,0.625,10,30,40,29,0,7,10,13,98,0,Reg
1610612766,0020800897,"MAR 03, 2009",CHA vs. CHI,W,240,37,76,0.487,4,13,0.308,18,20,0.9,9,30,39,24,7,4,13,18,96,0,Reg
1610612766,0020800882,"FEB 28, 2009",CHA @ LAC,W,240,40,84,0.476,10,19,0.526,10,13,0.769,14,24,38,29,7,3,10,16,100,0,Reg
1610612766,0020800875,"FEB 27, 2009",CHA @ GSW,W,240,40,74,0.541,9,17,0.529,23,29,0.793,12,32,44,27,10,6,22,26,112,0,Reg
1610612766,0020800859,"FEB 25, 2009",CHA @ SAC,W,240,36,74,0.486,9,17,0.529,17,22,0.773,8,30,38,20,4,5,16,19,98,0,Reg
1610612766,0020800849,"FEB 24, 2009",CHA @ PHX,L,240,38,81,0.469,8,18,0.444,18,27,0.667,12,26,38,20,10,2,17,26,102,0,Reg
1610612766,0020800830,"FEB 22, 2009",CHA @ HOU,L,240,27,75,0.36,4,19,0.211,20,24,0.833,11,29,40,15,7,1,21,20,78,0,Reg
1610612766,0020800811,"FEB 20, 2009",CHA vs. ORL,L,240,30,80,0.375,5,13,0.385,15,22,0.682,15,30,45,14,7,6,16,22,80,0,Reg
1610612766,0020800798,"FEB 18, 2009",CHA vs. IND,W,240,34,83,0.41,8,21,0.381,27,33,0.818,12,34,46,23,7,13,8,18,103,0,Reg
1610612766,0020800789,"FEB 17, 2009",CHA @ ORL,L,265,44,95,0.463,6,17,0.353,8,17,0.471,17,34,51,21,8,4,14,29,102,0,Reg
1610612766,0020800773,"FEB 11, 2009",CHA vs. WAS,W,240,37,74,0.5,11,27,0.407,16,21,0.762,10,32,42,28,10,11,16,17,101,0,Reg
1610612766,0020800760,"FEB 09, 2009",CHA vs. LAC,W,240,39,75,0.52,6,13,0.462,10,16,0.625,11,33,44,27,5,5,18,22,94,0,Reg
1610612766,0020800752,"FEB 08, 2009",CHA @ MIA,L,240,38,80,0.475,10,21,0.476,6,12,0.5,8,22,30,26,3,1,13,16,92,0,Reg
1610612766,0020800734,"FEB 06, 2009",CHA vs. ATL,L,240,34,76,0.447,6,19,0.316,23,28,0.821,12,31,43,23,6,4,11,28,97,0,Reg
1610612766,0020800712,"FEB 02, 2009",CHA @ UTA,L,240,34,67,0.507,6,15,0.4,12,20,0.6,11,22,33,23,9,8,23,28,86,0,Reg
1610612766,0020800688,"JAN 30, 2009",CHA @ DEN,L,240,35,77,0.455,9,20,0.45,20,27,0.741,11,19,30,23,4,7,17,25,99,0,Reg
1610612766,0020800677,"JAN 28, 2009",CHA @ POR,L,240,29,70,0.414,4,9,0.444,12,17,0.706,7,19,26,15,5,4,15,24,74,0,Reg
1610612766,0020800666,"JAN 27, 2009",CHA @ LAL,W,290,45,96,0.469,9,26,0.346,18,27,0.667,11,42,53,31,7,3,12,23,117,0,Reg
1610612766,0020800651,"JAN 25, 2009",CHA @ IND,L,240,34,78,0.436,7,23,0.304,18,30,0.6,10,27,37,24,9,5,12,19,93,0,Reg
1610612766,0020800630,"JAN 23, 2009",CHA vs. PHX,W,240,40,78,0.513,7,15,0.467,11,15,0.733,9,32,41,26,13,6,18,26,98,0,Reg
1610612766,0020800617,"JAN 21, 2009",CHA vs. MEM,W,240,38,76,0.5,7,16,0.438,18,23,0.783,12,32,44,26,15,5,19,24,101,0,Reg
1610612766,0020800604,"JAN 19, 2009",CHA vs. SAS,L,240,29,80,0.362,5,14,0.357,21,28,0.75,14,32,46,19,4,5,9,26,84,0,Reg
1610612766,0020800591,"JAN 17, 2009",CHA vs. POR,W,265,38,83,0.458,4,13,0.308,22,31,0.71,12,40,52,21,3,8,11,25,102,0,Reg
1610612766,0020800559,"JAN 13, 2009",CHA @ DET,W,240,32,75,0.427,2,6,0.333,14,19,0.737,10,34,44,20,5,1,11,19,80,0,Reg
1610612766,0020800540,"JAN 10, 2009",CHA @ WAS,W,240,35,69,0.507,9,20,0.45,13,16,0.813,8,20,28,26,5,3,15,25,92,0,Reg
1610612766,0020800529,"JAN 09, 2009",CHA @ PHI,L,240,35,72,0.486,5,16,0.313,12,18,0.667,13,24,37,26,5,2,15,20,87,0,Reg
1610612766,0020800515,"JAN 07, 2009",CHA @ CLE,L,240,29,74,0.392,3,15,0.2,20,24,0.833,9,24,33,15,10,4,16,20,81,0,Reg
1610612766,0020800506,"JAN 06, 2009",CHA vs. BOS,W,265,38,79,0.481,7,16,0.438,31,34,0.912,8,31,39,25,9,5,17,23,114,0,Reg
1610612766,0020800489,"JAN 03, 2009",CHA vs. MIL,W,240,33,70,0.471,7,18,0.389,29,33,0.879,6,26,32,22,9,3,15,24,102,0,Reg
1610612766,0020800484,"JAN 02, 2009",CHA @ MIL,L,240,29,77,0.377,4,18,0.222,13,17,0.765,16,26,42,20,8,3,23,25,75,0,Reg
1610612766,0020800458,"DEC 30, 2008",CHA vs. NYK,L,240,35,82,0.427,6,26,0.231,13,19,0.684,11,33,44,20,9,7,19,18,89,0,Reg
1610612766,0020800437,"DEC 27, 2008",CHA vs. NJN,L,265,38,79,0.481,6,16,0.375,21,29,0.724,13,29,42,19,5,7,18,25,103,0,Reg
1610612766,0020800427,"DEC 26, 2008",CHA @ NJN,W,240,35,70,0.5,6,14,0.429,19,26,0.731,7,35,42,26,3,4,17,14,95,0,Reg
1610612766,0020800410,"DEC 23, 2008",CHA vs. WAS,W,240,30,72,0.417,3,13,0.231,17,28,0.607,12,40,52,21,2,8,18,16,80,0,Reg
1610612766,0020800389,"DEC 20, 2008",CHA vs. GSW,L,240,38,81,0.469,11,19,0.579,16,23,0.696,12,27,39,26,6,10,18,27,103,0,Reg
1610612766,0020800384,"DEC 19, 2008",CHA @ MEM,W,240,50,76,0.658,4,11,0.364,8,12,0.667,9,32,41,35,5,2,15,19,112,0,Reg
1610612766,0020800360,"DEC 16, 2008",CHA vs. CHI,W,265,36,81,0.444,6,13,0.462,32,43,0.744,11,32,43,22,7,10,11,20,110,0,Reg
1610612766,0020800351,"DEC 15, 2008",CHA @ ATL,L,240,31,80,0.388,5,16,0.313,12,16,0.75,4,29,33,21,3,2,6,20,79,0,Reg
1610612766,0020800338,"DEC 13, 2008",CHA vs. DET,L,240,33,80,0.412,2,13,0.154,18,22,0.818,13,36,49,17,7,4,18,21,86,0,Reg
1610612766,0020800324,"DEC 11, 2008",CHA @ DAL,L,240,38,78,0.487,2,10,0.2,12,19,0.632,11,33,44,19,3,8,10,21,90,0,Reg
1610612766,0020800316,"DEC 10, 2008",CHA @ NOH,L,240,34,82,0.415,6,12,0.5,15,21,0.714,13,25,38,16,8,4,12,18,89,0,Reg
1610612766,0020800301,"DEC 08, 2008",CHA @ MIA,L,240,34,78,0.436,10,20,0.5,18,26,0.692,11,26,37,22,6,2,9,29,96,0,Reg
1610612766,0020800287,"DEC 06, 2008",CHA vs. CLE,L,240,25,69,0.362,3,14,0.214,21,28,0.75,11,23,34,17,10,3,19,21,74,0,Reg
1610612766,0020800285,"DEC 05, 2008",CHA @ MIL,L,240,36,70,0.514,10,19,0.526,14,20,0.7,7,20,27,23,9,3,16,27,96,0,Reg
1610612766,0020800264,"DEC 03, 2008",CHA vs. OKC,W,240,36,76,0.474,4,13,0.308,27,33,0.818,11,24,35,21,9,1,13,25,103,0,Reg
1610612766,0020800252,"DEC 01, 2008",CHA vs. MIN,W,240,37,80,0.463,7,13,0.538,19,26,0.731,10,28,38,28,5,9,9,21,100,0,Reg
1610612766,0020800236,"NOV 29, 2008",CHA vs. BOS,L,240,32,67,0.478,5,13,0.385,15,22,0.682,8,28,36,18,5,4,21,23,84,0,Reg
1610612766,0020800229,"NOV 28, 2008",CHA @ IND,W,265,37,91,0.407,9,21,0.429,32,41,0.78,11,39,50,17,10,5,12,24,115,0,Reg
1610612766,0020800212,"NOV 26, 2008",CHA @ TOR,L,240,34,79,0.43,3,16,0.188,15,21,0.714,15,24,39,21,8,1,14,19,86,0,Reg
1610612766,0020800198,"NOV 24, 2008",CHA vs. PHI,W,240,34,62,0.548,8,14,0.571,17,23,0.739,4,35,39,21,7,6,20,20,93,0,Reg
1610612766,0020800184,"NOV 22, 2008",CHA vs. MIL,L,240,29,78,0.372,3,17,0.176,13,22,0.591,14,30,44,13,11,5,18,28,74,0,Reg
1610612766,0020800175,"NOV 21, 2008",CHA @ ATL,L,240,33,78,0.423,7,16,0.438,10,15,0.667,7,28,35,17,9,5,14,23,83,0,Reg
1610612766,0020800149,"NOV 18, 2008",CHA vs. DAL,L,240,31,80,0.388,1,10,0.1,20,24,0.833,9,25,34,11,11,5,14,22,83,0,Reg
1610612766,0020800141,"NOV 16, 2008",CHA vs. ORL,L,240,32,74,0.432,3,12,0.25,18,27,0.667,11,30,41,13,4,3,14,24,85,0,Reg
1610612766,0020800120,"NOV 14, 2008",CHA vs. UTA,W,240,34,73,0.466,5,12,0.417,31,38,0.816,17,22,39,16,10,7,15,26,104,0,Reg
1610612766,0020800098,"NOV 11, 2008",CHA vs. DEN,L,240,31,77,0.403,7,27,0.259,11,17,0.647,6,30,36,19,6,9,15,27,80,0,Reg
1610612766,0020800085,"NOV 09, 2008",CHA vs. TOR,L,240,30,81,0.37,5,18,0.278,14,19,0.737,11,25,36,20,4,3,9,16,79,0,Reg
1610612766,0020800066,"NOV 07, 2008",CHA vs. NOH,W,240,28,67,0.418,7,18,0.389,29,31,0.935,10,27,37,15,10,2,14,22,92,0,Reg
1610612766,0020800054,"NOV 05, 2008",CHA @ NYK,L,240,41,84,0.488,5,10,0.5,11,15,0.733,18,26,44,16,13,2,18,16,98,0,Reg
1610612766,0020800042,"NOV 03, 2008",CHA vs. DET,L,240,26,59,0.441,3,11,0.273,28,35,0.8,8,23,31,13,6,4,13,17,83,0,Reg
1610612766,0020800027,"NOV 01, 2008",CHA vs. MIA,W,240,37,69,0.536,5,10,0.5,21,32,0.656,12,29,41,25,4,5,20,24,100,0,Reg
1610612766,0020800016,"OCT 30, 2008",CHA @ CLE,L,240,25,74,0.338,3,12,0.25,26,31,0.839,14,20,34,16,6,4,13,24,79,0,Reg
1610612766,0040900114,"APR 26, 2010",CHA vs. ORL,L,240,32,71,0.451,5,19,0.263,21,33,0.636,7,29,36,27,2,2,10,29,90,0,Playoff
1610612766,0040900113,"APR 24, 2010",CHA vs. ORL,L,240,31,74,0.419,5,23,0.217,19,23,0.826,6,27,33,17,10,5,14,27,86,0,Playoff
1610612766,0040900112,"APR 21, 2010",CHA @ ORL,L,240,29,66,0.439,6,14,0.429,13,18,0.722,11,25,36,18,7,6,19,29,77,0,Playoff
1610612766,0040900111,"APR 18, 2010",CHA @ ORL,L,240,33,71,0.465,3,12,0.25,20,28,0.714,10,31,41,19,3,5,14,22,89,0,Playoff
1610612766,0020901219,"APR 14, 2010",CHA vs. CHI,L,240,32,80,0.4,3,14,0.214,22,26,0.846,9,24,33,20,15,7,13,21,89,0,Reg
1610612766,0020901205,"APR 12, 2010",CHA @ NJN,W,240,43,87,0.494,3,7,0.429,16,17,0.941,11,36,47,31,3,5,13,19,105,0,Reg
1610612766,0020901187,"APR 10, 2010",CHA vs. DET,W,240,35,65,0.538,7,15,0.467,22,26,0.846,6,29,35,27,5,5,15,22,99,0,Reg
1610612766,0020901184,"APR 09, 2010",CHA @ HOU,L,240,33,77,0.429,4,14,0.286,20,26,0.769,12,32,44,19,6,6,15,22,90,0,Reg
1610612766,0020901164,"APR 07, 2010",CHA @ NOH,W,240,36,74,0.486,11,24,0.458,21,24,0.875,10,31,41,22,8,6,22,20,104,0,Reg
1610612766,0020901149,"APR 06, 2010",CHA vs. ATL,W,240,37,72,0.514,7,12,0.583,28,32,0.875,11,22,33,25,5,8,11,18,109,0,Reg
1610612766,0020901135,"APR 03, 2010",CHA @ CHI,L,240,35,83,0.422,6,18,0.333,12,16,0.75,8,26,34,19,5,5,8,16,88,0,Reg
1610612766,0020901122,"APR 02, 2010",CHA vs. MIL,W,265,30,80,0.375,7,17,0.412,20,27,0.741,16,32,48,17,4,12,17,16,87,0,Reg
1610612766,0020901108,"MAR 31, 2010",CHA vs. PHI,W,240,35,75,0.467,6,20,0.3,27,35,0.771,12,30,42,22,11,6,16,12,103,0,Reg
1610612766,0020901097,"MAR 29, 2010",CHA vs. TOR,L,240,32,69,0.464,12,24,0.5,25,31,0.806,4,27,31,29,5,5,12,20,101,0,Reg
1610612766,0020901071,"MAR 26, 2010",CHA vs. WAS,W,240,41,74,0.554,6,15,0.4,19,27,0.704,9,25,34,25,8,8,17,20,107,0,Reg
1610612766,0020901059,"MAR 24, 2010",CHA vs. MIN,W,240,45,84,0.536,7,15,0.467,11,16,0.688,12,32,44,24,10,11,17,21,108,0,Reg
1610612766,0020901053,"MAR 23, 2010",CHA @ WAS,W,265,36,91,0.396,1,9,0.111,22,34,0.647,23,38,61,13,8,1,13,23,95,0,Reg
1610612766,0020901030,"MAR 20, 2010",CHA @ MIA,L,240,21,72,0.292,2,13,0.154,27,34,0.794,8,35,43,8,7,5,15,21,71,0,Reg
1610612766,0020901020,"MAR 19, 2010",CHA @ ATL,L,265,39,86,0.453,5,15,0.333,9,15,0.6,17,32,49,17,10,4,16,16,92,0,Reg
1610612766,0020901005,"MAR 17, 2010",CHA vs. OKC,W,240,37,77,0.481,5,7,0.714,21,32,0.656,6,34,40,18,5,12,9,17,100,0,Reg
1610612766,0020900997,"MAR 16, 2010",CHA @ IND,L,240,33,71,0.465,3,13,0.231,25,36,0.694,12,32,44,19,7,8,18,24,94,0,Reg
1610612766,0020900986,"MAR 14, 2010",CHA @ ORL,W,240,35,75,0.467,5,10,0.5,21,26,0.808,12,34,46,20,5,1,13,22,96,0,Reg
1610612766,0020900964,"MAR 12, 2010",CHA vs. LAC,W,240,45,83,0.542,3,11,0.273,13,17,0.765,10,26,36,29,12,0,16,14,106,0,Reg
1610612766,0020900953,"MAR 10, 2010",CHA @ PHI,W,240,33,66,0.5,5,13,0.385,31,41,0.756,6,33,39,20,11,2,16,17,102,0,Reg
1610612766,0020900945,"MAR 09, 2010",CHA vs. MIA,W,240,28,72,0.389,5,15,0.333,22,30,0.733,11,36,47,22,4,8,14,13,83,0,Reg
1610612766,0020900925,"MAR 06, 2010",CHA vs. GSW,W,240,40,87,0.46,5,20,0.25,16,22,0.727,19,41,60,24,5,11,19,20,101,0,Reg
1610612766,0020900914,"MAR 05, 2010",CHA vs. LAL,W,240,36,70,0.514,6,12,0.5,20,27,0.741,8,33,41,22,13,8,19,24,98,0,Reg
1610612766,0020900901,"MAR 03, 2010",CHA @ BOS,L,240,27,75,0.36,0,9,0.0,26,30,0.867,13,31,44,20,10,4,14,21,80,0,Reg
1610612766,0020900886,"MAR 01, 2010",CHA vs. DAL,L,240,29,73,0.397,5,18,0.278,21,28,0.75,8,34,42,17,7,7,19,13,84,0,Reg
1610612766,0020900863,"FEB 26, 2010",CHA @ MEM,W,240,38,79,0.481,6,17,0.353,11,19,0.579,10,29,39,17,9,7,15,19,93,0,Reg
1610612766,0020900854,"FEB 24, 2010",CHA @ UTA,L,240,28,68,0.412,7,21,0.333,30,34,0.882,8,26,34,18,11,8,11,23,93,0,Reg
1610612766,0020900836,"FEB 22, 2010",CHA @ LAC,L,240,34,78,0.436,5,22,0.227,21,28,0.75,10,24,34,28,15,7,13,17,94,0,Reg
1610612766,0020900821,"FEB 20, 2010",CHA @ MIL,L,240,33,75,0.44,6,12,0.5,16,19,0.842,8,30,38,19,4,7,16,24,88,0,Reg
1610612766,0020900804,"FEB 19, 2010",CHA vs. CLE,W,240,41,75,0.547,9,19,0.474,19,25,0.76,8,39,47,27,3,10,14,21,110,0,Reg
1610612766,0020900781,"FEB 16, 2010",CHA vs. NJN,L,240,34,81,0.42,5,19,0.263,21,26,0.808,11,25,36,20,7,8,14,23,94,0,Reg
1610612766,0020900774,"FEB 10, 2010",CHA @ MIN,W,240,36,75,0.48,9,22,0.409,12,18,0.667,10,35,45,22,6,7,16,13,93,0,Reg
1610612766,0020900758,"FEB 09, 2010",CHA vs. WAS,W,240,35,74,0.473,4,16,0.25,20,27,0.741,8,34,42,21,5,4,12,14,94,0,Reg
1610612766,0020900741,"FEB 06, 2010",CHA vs. NOH,L,240,37,77,0.481,7,18,0.389,18,27,0.667,6,29,35,29,9,2,11,14,99,0,Reg
1610612766,0020900727,"FEB 03, 2010",CHA @ LAL,L,240,37,82,0.451,6,20,0.3,17,22,0.773,18,27,45,15,4,3,13,19,97,0,Reg
1610612766,0020900710,"FEB 01, 2010",CHA @ POR,L,240,26,64,0.406,6,23,0.261,21,24,0.875,11,21,32,15,9,1,21,16,79,0,Reg
1610612766,0020900694,"JAN 30, 2010",CHA @ SAC,W,240,39,81,0.481,5,16,0.313,20,29,0.69,8,35,43,21,11,9,14,17,103,0,Reg
1610612766,0020900688,"JAN 29, 2010",CHA @ GSW,W,240,41,81,0.506,10,18,0.556,29,39,0.744,12,36,48,25,6,3,16,20,121,0,Reg
1610612766,0020900661,"JAN 26, 2010",CHA @ PHX,W,265,41,92,0.446,7,21,0.333,25,30,0.833,20,28,48,20,6,2,12,22,114,0,Reg
1610612766,0020900655,"JAN 25, 2010",CHA @ DEN,L,240,34,72,0.472,5,13,0.385,20,28,0.714,7,28,35,26,5,5,15,21,93,0,Reg
1610612766,0020900636,"JAN 23, 2010",CHA vs. ORL,L,265,35,88,0.398,9,27,0.333,16,22,0.727,12,34,46,17,6,5,12,21,95,0,Reg
1610612766,0020900627,"JAN 22, 2010",CHA @ ATL,L,240,32,69,0.464,3,13,0.231,22,30,0.733,10,24,34,23,5,4,17,15,89,0,Reg
1610612766,0020900609,"JAN 20, 2010",CHA vs. MIA,W,240,35,72,0.486,5,12,0.417,29,37,0.784,13,37,50,18,9,6,20,24,104,0,Reg
1610612766,0020900597,"JAN 18, 2010",CHA vs. SAC,W,240,39,83,0.47,5,16,0.313,22,33,0.667,11,23,34,19,9,3,10,23,105,0,Reg
1610612766,0020900584,"JAN 16, 2010",CHA vs. PHX,W,240,46,91,0.505,10,15,0.667,23,27,0.852,13,34,47,28,12,5,9,20,125,0,Reg
1610612766,0020900571,"JAN 15, 2010",CHA vs. SAS,W,240,35,76,0.461,6,14,0.429,16,21,0.762,10,34,44,24,11,10,10,16,92,0,Reg
1610612766,0020900553,"JAN 12, 2010",CHA vs. HOU,W,240,39,77,0.506,5,15,0.333,19,26,0.731,10,26,36,18,8,9,11,16,102,0,Reg
1610612766,0020900530,"JAN 09, 2010",CHA vs. MEM,W,240,33,78,0.423,5,18,0.278,18,25,0.72,9,34,43,20,4,9,18,17,89,0,Reg
1610612766,0020900517,"JAN 07, 2010",CHA @ NYK,L,240,37,89,0.416,12,26,0.462,7,10,0.7,10,25,35,23,11,2,7,10,93,0,Reg
1610612766,0020900498,"JAN 05, 2010",CHA vs. CHI,W,240,39,76,0.513,8,16,0.5,27,33,0.818,1,29,30,23,10,10,13,23,113,0,Reg
1610612766,0020900489,"JAN 03, 2010",CHA @ CLE,W,240,34,69,0.493,7,16,0.438,16,19,0.842,6,23,29,17,9,5,11,13,91,0,Reg
1610612766,0020900478,"JAN 02, 2010",CHA @ MIA,W,240,35,67,0.522,9,17,0.529,28,31,0.903,4,28,32,19,6,3,11,18,107,0,Reg
1610612766,0020900462,"DEC 30, 2009",CHA @ TOR,L,240,39,72,0.542,5,22,0.227,20,22,0.909,6,29,35,19,5,1,22,24,103,0,Reg
1610612766,0020900445,"DEC 28, 2009",CHA vs. MIL,W,240,34,81,0.42,4,18,0.222,22,28,0.786,10,33,43,23,4,8,14,20,94,0,Reg
1610612766,0020900434,"DEC 26, 2009",CHA @ OKC,L,240,35,81,0.432,5,17,0.294,16,24,0.667,10,26,36,23,6,3,12,18,91,0,Reg
1610612766,0020900405,"DEC 22, 2009",CHA vs. DET,W,240,34,70,0.486,9,18,0.5,11,17,0.647,6,37,43,22,7,10,20,16,88,0,Reg
1610612766,0020900399,"DEC 20, 2009",CHA @ NYK,L,240,38,84,0.452,5,18,0.278,13,16,0.813,15,29,44,19,5,2,17,27,94,0,Reg
1610612766,0020900384,"DEC 19, 2009",CHA vs. UTA,L,240,35,71,0.493,7,13,0.538,25,33,0.758,7,28,35,20,10,6,21,25,102,0,Reg
1610612766,0020900359,"DEC 16, 2009",CHA @ IND,L,240,32,75,0.427,4,17,0.235,30,40,0.75,9,29,38,16,8,1,18,22,98,0,Reg
1610612766,0020900351,"DEC 15, 2009",CHA vs. NYK,W,240,36,77,0.468,3,15,0.2,19,22,0.864,12,30,42,19,11,1,22,16,94,0,Reg
1610612766,0020900334,"DEC 12, 2009",CHA @ DAL,L,265,34,81,0.42,7,23,0.304,22,27,0.815,13,31,44,14,4,5,18,22,97,0,Reg
1610612766,0020900328,"DEC 11, 2009",CHA @ SAS,L,240,32,75,0.427,3,12,0.25,18,29,0.621,8,17,25,14,13,1,19,25,85,0,Reg
1610612766,0020900300,"DEC 08, 2009",CHA vs. DEN,W,240,35,76,0.461,6,14,0.429,31,37,0.838,14,29,43,14,13,6,18,26,107,0,Reg
1610612766,0020900282,"DEC 05, 2009",CHA vs. PHI,W,240,38,78,0.487,9,17,0.529,21,26,0.808,11,33,44,24,6,5,17,22,106,0,Reg
1610612766,0020900277,"DEC 04, 2009",CHA @ NJN,L,240,33,73,0.452,7,16,0.438,18,30,0.6,10,41,51,19,5,8,18,19,91,0,Reg
1610612766,0020900253,"DEC 01, 2009",CHA vs. BOS,L,240,32,79,0.405,2,11,0.182,24,35,0.686,14,20,34,13,6,6,11,22,90,0,Reg
1610612766,0020900234,"NOV 28, 2009",CHA @ WAS,W,240,35,76,0.461,4,10,0.4,18,25,0.72,10,31,41,21,9,3,12,17,92,0,Reg
1610612766,0020900222,"NOV 27, 2009",CHA vs. CLE,W,240,35,74,0.473,6,14,0.429,18,30,0.6,5,30,35,19,7,2,10,18,94,0,Reg
1610612766,0020900208,"NOV 25, 2009",CHA vs. TOR,W,240,42,93,0.452,5,18,0.278,27,32,0.844,15,34,49,24,13,16,9,24,116,0,Reg
1610612766,0020900194,"NOV 22, 2009",CHA vs. IND,W,240,41,82,0.5,1,10,0.1,21,28,0.75,11,35,46,22,14,4,15,21,104,0,Reg
1610612766,0020900180,"NOV 20, 2009",CHA @ MIL,L,240,30,59,0.508,2,14,0.143,26,43,0.605,2,33,35,18,8,6,11,20,88,0,Reg
1610612766,0020900161,"NOV 18, 2009",CHA @ PHI,L,240,30,71,0.423,7,24,0.292,17,24,0.708,10,31,41,20,9,2,16,13,84,0,Reg
1610612766,0020900148,"NOV 16, 2009",CHA @ ORL,L,240,36,71,0.507,4,14,0.286,15,26,0.577,4,30,34,17,9,1,16,26,91,0,Reg
1610612766,0020900134,"NOV 14, 2009",CHA vs. POR,L,240,30,82,0.366,6,19,0.316,8,14,0.571,16,24,40,16,4,5,9,22,74,0,Reg
1610612766,0020900112,"NOV 11, 2009",CHA @ DET,L,240,28,64,0.438,4,15,0.267,15,26,0.577,11,22,33,17,3,2,19,20,75,0,Reg
1610612766,0020900103,"NOV 10, 2009",CHA vs. ORL,L,240,34,77,0.442,2,17,0.118,11,14,0.786,9,30,39,18,8,5,16,19,81,0,Reg
1610612766,0020900087,"NOV 07, 2009",CHA @ CHI,L,240,34,86,0.395,12,29,0.414,10,14,0.714,16,22,38,23,10,3,17,23,90,0,Reg
1610612766,0020900072,"NOV 06, 2009",CHA vs. ATL,W,240,39,83,0.47,11,18,0.611,14,18,0.778,12,44,56,24,2,7,15,22,103,0,Reg
1610612766,0020900046,"NOV 02, 2009",CHA vs. NJN,W,240,24,74,0.324,1,15,0.067,30,35,0.857,19,32,51,12,14,6,19,22,79,0,Reg
1610612766,0020900033,"OCT 31, 2009",CHA @ CLE,L,240,29,68,0.426,6,13,0.462,15,20,0.75,10,23,33,19,6,2,17,13,79,0,Reg
1610612766,0020900019,"OCT 30, 2009",CHA vs. NYK,W,290,35,92,0.38,3,18,0.167,29,36,0.806,12,43,55,18,8,6,15,19,102,0,Reg
1610612766,0020900008,"OCT 28, 2009",CHA @ BOS,L,240,23,74,0.311,0,10,0.0,13,25,0.52,14,32,46,10,6,4,18,23,59,0,Reg
1610612766,0021001217,"APR 13, 2011",CHA vs. ATL,W,240,40,80,0.5,3,10,0.3,13,16,0.813,7,30,37,27,7,7,8,16,96,0,Reg
1610612766,0021001203,"APR 11, 2011",CHA @ NJN,W,240,45,79,0.57,4,13,0.308,11,16,0.688,9,21,30,27,3,5,8,15,105,0,Reg
1610612766,0021001195,"APR 10, 2011",CHA vs. DET,L,240,42,78,0.538,8,18,0.444,9,20,0.45,8,21,29,29,4,5,13,16,101,0,Reg
1610612766,0021001182,"APR 08, 2011",CHA @ MIA,L,240,41,86,0.477,5,16,0.313,16,21,0.762,11,22,33,17,10,4,10,25,103,0,Reg
1610612766,0021001162,"APR 06, 2011",CHA vs. ORL,L,265,39,84,0.464,6,11,0.545,18,20,0.9,9,24,33,27,7,2,11,15,102,0,Reg
1610612766,0021001150,"APR 05, 2011",CHA @ CLE,L,240,32,82,0.39,4,15,0.267,21,27,0.778,9,30,39,22,12,4,9,15,89,0,Reg
1610612766,0021001141,"APR 03, 2011",CHA vs. WAS,L,240,34,79,0.43,4,8,0.5,19,21,0.905,7,32,39,26,6,7,15,22,91,0,Reg
1610612766,0021001121,"APR 01, 2011",CHA @ ORL,L,240,33,73,0.452,1,9,0.111,10,13,0.769,8,29,37,23,6,2,16,20,77,0,Reg
1610612766,0021001106,"MAR 30, 2011",CHA vs. CLE,W,240,42,75,0.56,2,8,0.25,12,17,0.706,6,26,32,33,6,6,7,18,98,0,Reg
1610612766,0021001096,"MAR 28, 2011",CHA vs. MIL,W,240,33,68,0.485,3,11,0.273,18,26,0.692,4,33,37,25,2,2,9,17,87,0,Reg
1610612766,0021001082,"MAR 26, 2011",CHA vs. NYK,W,240,43,91,0.473,5,18,0.278,23,28,0.821,16,30,46,23,3,8,5,28,114,0,Reg
1610612766,0021001070,"MAR 25, 2011",CHA @ BOS,W,240,30,69,0.435,1,11,0.091,22,25,0.88,7,30,37,15,8,4,15,26,83,0,Reg
1610612766,0021001054,"MAR 23, 2011",CHA vs. IND,L,240,32,72,0.444,3,10,0.3,21,29,0.724,4,24,28,21,6,6,12,25,88,0,Reg
1610612766,0021001033,"MAR 19, 2011",CHA @ SAS,L,240,40,80,0.5,2,6,0.333,16,20,0.8,9,30,39,23,6,2,12,20,98,0,Reg
1610612766,0021001022,"MAR 18, 2011",CHA @ OKC,L,240,33,74,0.446,5,17,0.294,11,18,0.611,7,27,34,17,6,2,15,18,82,0,Reg
1610612766,0021001009,"MAR 16, 2011",CHA @ HOU,L,240,29,78,0.372,2,11,0.182,18,21,0.857,6,31,37,13,4,7,13,13,78,0,Reg
1610612766,0021000986,"MAR 13, 2011",CHA @ TOR,W,240,35,68,0.515,5,12,0.417,20,24,0.833,8,25,33,18,11,5,17,23,95,0,Reg
1610612766,0021000967,"MAR 11, 2011",CHA vs. POR,W,240,33,77,0.429,5,12,0.417,26,30,0.867,10,32,42,17,9,5,17,17,97,0,Reg
1610612766,0021000953,"MAR 09, 2011",CHA vs. CHI,L,240,37,81,0.457,3,11,0.273,7,11,0.636,13,24,37,26,2,9,11,14,84,0,Reg
1610612766,0021000940,"MAR 07, 2011",CHA vs. LAC,L,240,35,78,0.449,4,9,0.444,13,22,0.591,7,30,37,22,6,4,13,18,87,0,Reg
1610612766,0021000929,"MAR 05, 2011",CHA @ POR,L,240,29,68,0.426,1,10,0.1,10,13,0.769,12,29,41,12,5,3,21,25,69,0,Reg
1610612766,0021000924,"MAR 04, 2011",CHA @ LAL,L,240,37,93,0.398,1,10,0.1,9,9,1.0,14,35,49,20,3,5,12,21,84,0,Reg
1610612766,0021000909,"MAR 02, 2011",CHA @ DEN,L,240,29,79,0.367,4,17,0.235,18,23,0.783,6,22,28,20,6,1,13,25,80,0,Reg
1610612766,0021000883,"FEB 27, 2011",CHA @ ORL,L,240,34,85,0.4,5,16,0.313,13,18,0.722,13,26,39,14,9,2,12,22,86,0,Reg
1610612766,0021000861,"FEB 25, 2011",CHA vs. SAC,W,240,41,83,0.494,3,10,0.3,25,35,0.714,12,26,38,20,6,6,7,16,110,0,Reg
1610612766,0021000838,"FEB 22, 2011",CHA vs. TOR,W,240,38,81,0.469,4,14,0.286,34,42,0.81,11,30,41,25,9,5,9,19,114,0,Reg
1610612766,0021000819,"FEB 15, 2011",CHA @ CHI,L,240,33,69,0.478,2,11,0.182,26,30,0.867,6,30,36,22,7,4,14,25,94,0,Reg
1610612766,0021000812,"FEB 14, 2011",CHA vs. LAL,W,240,42,82,0.512,8,21,0.381,17,21,0.81,11,26,37,28,6,1,8,15,109,0,Reg
1610612766,0021000796,"FEB 12, 2011",CHA @ ATL,W,240,33,78,0.423,5,19,0.263,17,21,0.81,9,35,44,24,4,7,10,17,88,0,Reg
1610612766,0021000786,"FEB 11, 2011",CHA vs. NJN,L,240,29,68,0.426,4,14,0.286,27,39,0.692,5,37,42,16,2,5,13,21,89,0,Reg
1610612766,0021000774,"FEB 09, 2011",CHA @ IND,L,240,38,82,0.463,6,17,0.353,21,27,0.778,12,28,40,14,9,4,13,23,103,0,Reg
1610612766,0021000758,"FEB 07, 2011",CHA vs. BOS,W,240,33,79,0.418,5,16,0.313,23,30,0.767,11,39,50,16,7,7,16,17,94,0,Reg
1610612766,0021000745,"FEB 05, 2011",CHA vs. DAL,L,240,33,89,0.371,5,21,0.238,21,24,0.875,15,25,40,16,6,8,7,17,92,0,Reg
1610612766,0021000733,"FEB 04, 2011",CHA vs. MIA,L,240,35,74,0.473,9,20,0.45,18,23,0.783,11,22,33,22,4,5,15,22,97,0,Reg
1610612766,0021000722,"FEB 02, 2011",CHA @ DET,W,240,37,73,0.507,3,10,0.3,20,25,0.8,8,38,46,26,4,1,13,19,97,0,Reg
1610612766,0021000713,"JAN 31, 2011",CHA @ UTA,L,240,26,73,0.356,6,20,0.3,20,27,0.741,9,27,36,12,7,3,13,22,78,0,Reg
1610612766,0021000700,"JAN 29, 2011",CHA @ LAC,L,240,29,72,0.403,3,13,0.231,27,36,0.75,14,35,49,20,2,5,17,22,88,0,Reg
1610612766,0021000691,"JAN 28, 2011",CHA @ GSW,W,265,46,90,0.511,10,26,0.385,19,31,0.613,17,24,41,32,13,6,16,20,121,0,Reg
1610612766,0021000675,"JAN 26, 2011",CHA @ PHX,W,240,40,79,0.506,9,17,0.529,25,29,0.862,13,30,43,26,4,5,8,12,114,0,Reg
1610612766,0021000666,"JAN 25, 2011",CHA @ SAC,W,240,32,71,0.451,3,8,0.375,27,36,0.75,11,39,50,12,5,1,16,29,94,0,Reg
1610612766,0021000639,"JAN 22, 2011",CHA vs. ATL,L,240,36,77,0.468,6,18,0.333,9,12,0.75,8,26,34,23,6,4,8,16,87,0,Reg
1610612766,0021000626,"JAN 20, 2011",CHA vs. PHI,W,240,38,79,0.481,4,11,0.364,20,26,0.769,9,31,40,21,6,3,8,17,100,0,Reg
1610612766,0021000612,"JAN 18, 2011",CHA @ CHI,W,240,35,87,0.402,0,13,0.0,13,20,0.65,13,30,43,17,9,4,7,18,83,0,Reg
1610612766,0021000601,"JAN 17, 2011",CHA @ PHI,L,265,34,95,0.358,7,30,0.233,17,23,0.739,18,41,59,24,6,4,15,20,92,0,Reg
1610612766,0021000588,"JAN 15, 2011",CHA vs. NOH,L,240,28,69,0.406,5,15,0.333,20,26,0.769,11,32,43,19,4,4,15,17,81,0,Reg
1610612766,0021000579,"JAN 14, 2011",CHA @ BOS,L,240,32,76,0.421,3,9,0.333,27,34,0.794,13,29,42,15,5,2,9,21,94,0,Reg
1610612766,0021000561,"JAN 12, 2011",CHA vs. CHI,W,240,35,81,0.432,6,21,0.286,20,27,0.741,8,30,38,23,4,8,7,23,96,0,Reg
1610612766,0021000551,"JAN 10, 2011",CHA vs. MEM,W,240,37,72,0.514,7,20,0.35,15,21,0.714,9,31,40,24,9,10,18,15,96,0,Reg
1610612766,0021000537,"JAN 08, 2011",CHA vs. WAS,W,240,39,79,0.494,6,12,0.5,20,24,0.833,12,31,43,23,4,8,18,16,104,0,Reg
1610612766,0021000517,"JAN 05, 2011",CHA @ MIN,W,265,43,98,0.439,8,26,0.308,14,24,0.583,16,35,51,25,7,5,12,22,108,0,Reg
1610612766,0021000499,"JAN 03, 2011",CHA vs. MIA,L,240,30,79,0.38,3,10,0.3,19,23,0.826,12,23,35,19,8,2,15,20,82,0,Reg
1610612766,0021000477,"DEC 31, 2010",CHA vs. GSW,L,240,35,83,0.422,5,16,0.313,20,28,0.714,18,32,50,19,9,4,13,16,95,0,Reg
1610612766,0021000463,"DEC 29, 2010",CHA vs. CLE,W,240,34,76,0.447,9,19,0.474,24,34,0.706,14,27,41,20,7,4,11,22,101,0,Reg
1610612766,0021000445,"DEC 27, 2010",CHA vs. DET,W,240,40,76,0.526,10,17,0.588,15,19,0.789,11,35,46,24,8,13,23,15,105,0,Reg
1610612766,0021000415,"DEC 21, 2010",CHA vs. OKC,L,240,30,75,0.4,4,14,0.286,17,26,0.654,8,24,32,18,6,10,15,27,81,0,Reg
1610612766,0021000409,"DEC 20, 2010",CHA @ WAS,L,240,28,62,0.452,2,9,0.222,17,25,0.68,9,25,34,18,6,2,27,25,75,0,Reg
1610612766,0021000385,"DEC 17, 2010",CHA @ ATL,L,240,33,87,0.379,2,14,0.143,17,20,0.85,18,30,48,18,8,3,7,15,85,0,Reg
1610612766,0021000372,"DEC 15, 2010",CHA @ MEM,L,240,28,68,0.412,5,10,0.5,19,26,0.731,5,30,35,15,7,7,20,20,80,0,Reg
1610612766,0021000360,"DEC 14, 2010",CHA vs. TOR,W,240,39,75,0.52,1,6,0.167,18,29,0.621,11,32,43,24,11,13,15,21,97,0,Reg
1610612766,0021000343,"DEC 11, 2010",CHA vs. BOS,L,240,24,71,0.338,1,11,0.091,13,23,0.565,11,27,38,17,11,5,21,24,62,0,Reg
1610612766,0021000330,"DEC 10, 2010",CHA @ IND,L,240,36,87,0.414,3,17,0.176,17,25,0.68,16,36,52,17,8,10,16,21,92,0,Reg
1610612766,0021000310,"DEC 07, 2010",CHA vs. DEN,W,240,39,78,0.5,9,20,0.45,13,20,0.65,8,29,37,22,8,5,18,23,100,0,Reg
1610612766,0021000289,"DEC 04, 2010",CHA @ PHI,L,240,33,77,0.429,5,15,0.333,20,26,0.769,10,27,37,16,6,2,11,18,91,0,Reg
1610612766,0021000275,"DEC 03, 2010",CHA vs. NJN,W,265,31,86,0.36,7,15,0.467,22,32,0.688,17,45,62,21,3,11,22,24,91,0,Reg
1610612766,0021000267,"DEC 01, 2010",CHA @ NOH,L,240,29,71,0.408,3,11,0.273,12,19,0.632,7,31,38,15,5,2,13,18,73,0,Reg
1610612766,0021000240,"NOV 27, 2010",CHA @ MIL,L,240,32,67,0.478,2,16,0.125,35,41,0.854,9,28,37,17,2,3,15,24,101,0,Reg
1610612766,0021000222,"NOV 26, 2010",CHA vs. HOU,W,240,39,85,0.459,6,17,0.353,15,20,0.75,9,37,46,26,8,6,11,20,99,0,Reg
1610612766,0021000209,"NOV 24, 2010",CHA vs. NYK,L,240,39,87,0.448,2,12,0.167,15,21,0.714,18,29,47,24,9,8,14,14,95,0,Reg
1610612766,0021000206,"NOV 23, 2010",CHA @ NYK,L,240,44,90,0.489,6,15,0.4,13,18,0.722,15,27,42,19,13,3,18,22,107,0,Reg
1610612766,0021000182,"NOV 20, 2010",CHA vs. PHX,W,240,50,87,0.575,9,19,0.474,14,19,0.737,8,33,41,37,6,6,14,27,123,0,Reg
1610612766,0021000175,"NOV 19, 2010",CHA @ MIA,L,240,33,71,0.465,4,17,0.235,17,22,0.773,2,36,38,21,8,1,14,23,87,0,Reg
1610612766,0021000144,"NOV 15, 2010",CHA vs. MIN,W,240,38,73,0.521,7,14,0.5,30,40,0.75,8,37,45,25,5,11,16,23,113,0,Reg
1610612766,0021000130,"NOV 13, 2010",CHA vs. UTA,L,240,35,79,0.443,8,21,0.381,17,24,0.708,13,30,43,26,5,8,8,24,95,0,Reg
1610612766,0021000124,"NOV 12, 2010",CHA @ WAS,W,240,34,69,0.493,7,16,0.438,18,24,0.75,16,32,48,23,5,6,22,14,93,0,Reg
1610612766,0021000110,"NOV 10, 2010",CHA @ TOR,W,240,34,69,0.493,6,14,0.429,27,33,0.818,8,28,36,23,9,13,16,22,101,0,Reg
1610612766,0021000095,"NOV 08, 2010",CHA vs. SAS,L,240,33,83,0.398,6,19,0.316,19,24,0.792,15,26,41,19,7,10,13,18,91,0,Reg
1610612766,0021000080,"NOV 06, 2010",CHA vs. ORL,L,240,36,75,0.48,6,15,0.4,10,11,0.909,3,37,40,22,3,6,16,22,88,0,Reg
1610612766,0021000071,"NOV 05, 2010",CHA @ DET,L,240,37,67,0.552,9,20,0.45,7,11,0.636,8,30,38,28,7,9,22,18,90,0,Reg
1610612766,0021000055,"NOV 03, 2010",CHA @ NJN,W,240,31,72,0.431,5,19,0.263,18,23,0.783,11,30,41,21,7,3,16,18,85,0,Reg
1610612766,0021000038,"OCT 30, 2010",CHA @ MIL,L,240,30,64,0.469,9,19,0.474,19,23,0.826,5,23,28,13,6,5,18,28,88,0,Reg
1610612766,0021000019,"OCT 29, 2010",CHA vs. IND,L,240,31,70,0.443,4,12,0.333,35,45,0.778,15,30,45,17,3,7,17,21,101,0,Reg
1610612766,0021000012,"OCT 27, 2010",CHA @ DAL,L,240,29,73,0.397,5,13,0.385,23,24,0.958,8,28,36,22,8,3,20,15,86,0,Reg
1610612766,0021100982,"APR 26, 2012",CHA vs. NYK,L,240,32,74,0.432,6,16,0.375,14,26,0.538,8,31,39,20,5,9,14,16,84,0,Reg
1610612766,0021100971,"APR 25, 2012",CHA @ ORL,L,240,31,70,0.443,5,17,0.294,28,32,0.875,6,31,37,18,3,5,13,24,95,0,Reg
1610612766,0021100960,"APR 23, 2012",CHA @ WAS,L,240,25,73,0.342,4,15,0.267,19,23,0.826,10,25,35,12,6,4,22,14,73,0,Reg
1610612766,0021100953,"APR 22, 2012",CHA vs. SAC,L,240,39,89,0.438,2,15,0.133,8,14,0.571,16,29,45,28,3,8,19,15,88,0,Reg
1610612766,0021100937,"APR 20, 2012",CHA vs. MEM,L,240,32,79,0.405,3,9,0.333,13,18,0.722,11,27,38,18,4,4,21,17,80,0,Reg
1610612766,0021100919,"APR 18, 2012",CHA vs. CHI,L,240,25,84,0.298,1,8,0.125,17,23,0.739,14,24,38,15,5,6,6,15,68,0,Reg
1610612766,0021100903,"APR 16, 2012",CHA vs. NOH,L,240,23,76,0.303,1,16,0.063,20,30,0.667,11,34,45,12,4,10,12,20,67,0,Reg
1610612766,0021100895,"APR 15, 2012",CHA vs. BOS,L,240,32,79,0.405,3,13,0.231,15,20,0.75,9,28,37,20,7,5,11,13,82,0,Reg
1610612766,0021100879,"APR 13, 2012",CHA @ MIA,L,240,33,74,0.446,5,17,0.294,11,19,0.579,10,26,36,19,3,4,16,16,82,0,Reg
1610612766,0021100869,"APR 12, 2012",CHA vs. DET,L,240,31,70,0.443,6,11,0.545,17,23,0.739,6,24,30,22,4,2,12,15,85,0,Reg
1610612766,0021100854,"APR 10, 2012",CHA @ CLE,L,240,37,79,0.468,3,11,0.273,13,16,0.813,7,25,32,19,6,5,10,14,90,0,Reg
1610612766,0021100842,"APR 09, 2012",CHA vs. WAS,L,240,32,82,0.39,3,9,0.333,18,22,0.818,10,29,39,16,5,4,14,22,85,0,Reg
1610612766,0021100826,"APR 07, 2012",CHA vs. ATL,L,240,38,81,0.469,3,7,0.429,17,24,0.708,11,20,31,18,10,5,14,20,96,0,Reg
1610612766,0021100820,"APR 06, 2012",CHA @ MIL,L,240,36,85,0.424,2,12,0.167,16,24,0.667,17,40,57,18,5,5,20,22,90,0,Reg
1610612766,0021100802,"APR 04, 2012",CHA @ ATL,L,240,36,79,0.456,5,14,0.357,16,20,0.8,8,29,37,22,3,2,13,14,93,0,Reg
1610612766,0021100791,"APR 03, 2012",CHA @ TOR,L,240,31,77,0.403,4,12,0.333,21,30,0.7,17,29,46,21,6,3,14,19,87,0,Reg
1610612766,0021100772,"MAR 31, 2012",CHA @ DET,L,265,40,86,0.465,8,22,0.364,19,22,0.864,8,25,33,28,10,4,11,20,107,0,Reg
1610612766,0021100759,"MAR 30, 2012",CHA vs. DEN,L,240,36,98,0.367,6,22,0.273,10,11,0.909,11,23,34,26,11,4,12,23,88,0,Reg
1610612766,0021100745,"MAR 28, 2012",CHA vs. MIN,L,240,31,78,0.397,3,13,0.231,18,22,0.818,6,32,38,22,5,2,9,21,83,0,Reg
1610612766,0021100729,"MAR 26, 2012",CHA vs. BOS,L,240,33,79,0.418,4,12,0.333,25,35,0.714,7,26,33,25,2,8,11,31,95,0,Reg
1610612766,0021100712,"MAR 24, 2012",CHA @ NJN,L,240,35,79,0.443,3,14,0.214,16,22,0.727,8,33,41,21,7,3,16,16,89,0,Reg
1610612766,0021100700,"MAR 23, 2012",CHA vs. MIL,L,240,34,84,0.405,1,8,0.125,23,26,0.885,11,26,37,19,6,6,11,17,92,0,Reg
1610612766,0021100670,"MAR 19, 2012",CHA vs. PHI,L,240,29,75,0.387,2,8,0.25,20,28,0.714,9,22,31,23,7,7,8,10,80,0,Reg
1610612766,0021100655,"MAR 17, 2012",CHA vs. TOR,W,240,36,71,0.507,4,9,0.444,31,34,0.912,7,21,28,25,7,1,17,21,107,0,Reg
1610612766,0021100639,"MAR 15, 2012",CHA @ DAL,L,240,35,84,0.417,8,21,0.381,18,20,0.9,9,32,41,21,8,2,12,22,96,0,Reg
1610612766,0021100632,"MAR 14, 2012",CHA @ HOU,L,240,33,81,0.407,4,12,0.333,17,19,0.895,4,26,30,25,12,7,13,16,87,0,Reg
1610612766,0021100613,"MAR 12, 2012",CHA @ NOH,W,240,34,79,0.43,0,12,0.0,5,7,0.714,11,36,47,16,10,7,17,10,73,0,Reg
1610612766,0021100599,"MAR 10, 2012",CHA @ OKC,L,240,36,88,0.409,7,14,0.5,16,19,0.842,15,22,37,24,8,2,11,16,95,0,Reg
1610612766,0021100585,"MAR 09, 2012",CHA vs. NJN,L,240,30,86,0.349,2,11,0.182,12,21,0.571,13,30,43,17,8,7,8,17,74,0,Reg
1610612766,0021100572,"MAR 07, 2012",CHA vs. UTA,L,240,32,68,0.471,3,7,0.429,26,37,0.703,9,25,34,24,6,9,16,21,93,0,Reg
1610612766,0021100563,"MAR 06, 2012",CHA vs. ORL,W,240,38,80,0.475,4,10,0.4,20,27,0.741,13,33,46,25,8,8,12,17,100,0,Reg
1610612766,0021100549,"MAR 04, 2012",CHA vs. NJN,L,240,31,80,0.388,2,14,0.143,37,39,0.949,13,26,39,21,8,5,9,28,101,0,Reg
1610612766,0021100535,"MAR 02, 2012",CHA @ SAS,L,240,31,83,0.373,3,16,0.188,7,10,0.7,10,27,37,21,8,6,17,21,72,0,Reg
1610612766,0021100517,"FEB 29, 2012",CHA @ DET,L,240,36,82,0.439,3,9,0.333,19,29,0.655,11,26,37,24,7,4,11,23,94,0,Reg
1610612766,0021100488,"FEB 22, 2012",CHA vs. IND,L,240,31,88,0.352,8,19,0.421,18,23,0.783,20,26,46,23,3,13,11,24,88,0,Reg
1610612766,0021100464,"FEB 19, 2012",CHA @ IND,L,240,28,75,0.373,4,17,0.235,13,22,0.591,5,26,31,19,6,5,18,24,73,0,Reg
1610612766,0021100445,"FEB 17, 2012",CHA @ TOR,W,240,37,74,0.5,6,15,0.4,18,23,0.783,7,37,44,25,3,8,14,18,98,0,Reg
1610612766,0021100437,"FEB 15, 2012",CHA @ MIN,L,240,38,85,0.447,7,18,0.389,7,15,0.467,14,27,41,17,8,4,15,20,90,0,Reg
1610612766,0021100414,"FEB 13, 2012",CHA vs. PHI,L,240,30,73,0.411,7,17,0.412,22,30,0.733,4,33,37,18,5,6,12,18,89,0,Reg
1610612766,0021100400,"FEB 11, 2012",CHA vs. LAC,L,240,26,74,0.351,1,14,0.071,33,43,0.767,9,23,32,18,2,6,4,20,86,0,Reg
1610612766,0021100391,"FEB 10, 2012",CHA vs. CHI,L,240,25,76,0.329,1,8,0.125,13,19,0.684,10,34,44,17,5,5,16,18,64,0,Reg
1610612766,0021100368,"FEB 07, 2012",CHA @ BOS,L,240,32,71,0.451,4,16,0.25,16,20,0.8,4,28,32,19,2,1,10,11,84,0,Reg
1610612766,0021100352,"FEB 04, 2012",CHA @ PHX,L,240,33,75,0.44,9,19,0.474,14,19,0.737,11,37,48,15,4,5,14,23,89,0,Reg
1610612766,0021100324,"FEB 01, 2012",CHA @ POR,L,240,26,80,0.325,1,9,0.111,15,19,0.789,12,27,39,14,6,9,20,22,68,0,Reg
1610612766,0021100313,"JAN 31, 2012",CHA @ LAL,L,240,31,89,0.348,2,9,0.222,9,13,0.692,12,22,34,18,7,2,9,14,73,0,Reg
1610612766,0021100286,"JAN 28, 2012",CHA vs. WAS,L,240,39,83,0.47,4,11,0.364,17,29,0.586,14,28,42,31,8,3,14,15,99,0,Reg
1610612766,0021100272,"JAN 27, 2012",CHA @ PHI,L,240,27,70,0.386,4,15,0.267,14,21,0.667,8,27,35,14,4,5,14,14,72,0,Reg
1610612766,0021100258,"JAN 25, 2012",CHA @ WAS,L,240,28,78,0.359,1,9,0.111,18,25,0.72,13,25,38,13,12,13,19,12,75,0,Reg
1610612766,0021100252,"JAN 24, 2012",CHA vs. NYK,L,240,27,82,0.329,3,11,0.273,21,22,0.955,9,24,33,10,5,8,13,22,78,0,Reg
1610612766,0021100239,"JAN 22, 2012",CHA @ NJN,L,240,37,79,0.468,5,14,0.357,8,15,0.533,7,27,34,18,9,6,13,20,87,0,Reg
1610612766,0021100232,"JAN 21, 2012",CHA @ CHI,L,240,35,74,0.473,2,11,0.182,17,23,0.739,9,35,44,18,4,5,16,17,89,0,Reg
1610612766,0021100195,"JAN 17, 2012",CHA @ ORL,L,240,36,77,0.468,5,17,0.294,12,17,0.706,5,31,36,23,11,6,17,22,89,0,Reg
1610612766,0021100188,"JAN 16, 2012",CHA vs. CLE,L,240,38,86,0.442,4,17,0.235,14,26,0.538,12,27,39,20,11,8,10,23,94,0,Reg
1610612766,0021100171,"JAN 14, 2012",CHA vs. GSW,W,240,38,76,0.5,7,13,0.538,29,38,0.763,8,29,37,21,3,2,14,25,112,0,Reg
1610612766,0021100161,"JAN 13, 2012",CHA vs. DET,L,240,33,74,0.446,1,8,0.125,14,16,0.875,7,27,34,22,6,9,12,15,81,0,Reg
1610612766,0021100154,"JAN 12, 2012",CHA @ ATL,L,240,33,78,0.423,1,8,0.125,14,16,0.875,4,26,30,21,3,6,12,19,81,0,Reg
1610612766,0021100134,"JAN 10, 2012",CHA vs. HOU,L,240,30,88,0.341,1,13,0.077,9,11,0.818,12,32,44,16,6,7,14,19,70,0,Reg
1610612766,0021100129,"JAN 09, 2012",CHA @ NYK,L,240,34,82,0.415,7,19,0.368,12,15,0.8,10,39,49,21,4,3,17,24,87,0,Reg
1610612766,0021100111,"JAN 07, 2012",CHA @ IND,L,240,29,89,0.326,5,16,0.313,14,21,0.667,22,26,48,12,4,7,13,21,77,0,Reg
1610612766,0021100101,"JAN 06, 2012",CHA vs. ATL,L,265,40,87,0.46,7,18,0.389,9,13,0.692,13,30,43,23,5,9,14,20,96,0,Reg
1610612766,0021100085,"JAN 04, 2012",CHA @ NYK,W,240,47,85,0.553,7,11,0.636,17,21,0.81,7,30,37,27,9,0,13,16,118,0,Reg
1610612766,0021100076,"JAN 03, 2012",CHA @ CLE,L,240,40,90,0.444,4,14,0.286,17,19,0.895,10,36,46,20,2,6,13,22,101,0,Reg
1610612766,0021100059,"JAN 01, 2012",CHA @ MIA,L,240,35,92,0.38,6,18,0.333,14,21,0.667,11,29,40,20,9,3,16,20,90,0,Reg
1610612766,0021100039,"DEC 30, 2011",CHA vs. ORL,L,240,30,83,0.361,5,15,0.333,14,18,0.778,12,29,41,19,6,3,12,23,79,0,Reg
1610612766,0021100024,"DEC 28, 2011",CHA vs. MIA,L,240,39,82,0.476,7,18,0.389,10,16,0.625,15,38,53,22,5,9,21,22,95,0,Reg
1610612766,0021100007,"DEC 26, 2011",CHA vs. MIL,W,240,38,86,0.442,4,19,0.211,16,21,0.762,15,37,52,27,3,6,16,20,96,0,Reg
1610612766,0021201219,"APR 17, 2013",CHA vs. CLE,W,240,37,73,0.507,8,20,0.4,23,30,0.767,7,33,40,28,8,4,15,14,105,1,Reg
1610612766,0021201202,"APR 15, 2013",CHA vs. NYK,W,240,43,74,0.581,7,18,0.389,13,14,0.929,4,33,37,35,4,6,11,15,106,1,Reg
1610612766,0021201190,"APR 13, 2013",CHA vs. MIL,W,240,37,80,0.463,4,9,0.444,17,24,0.708,11,41,52,23,6,5,14,18,95,1,Reg
1610612766,0021201181,"APR 12, 2013",CHA @ DET,L,240,35,78,0.449,9,24,0.375,14,17,0.824,9,24,33,18,10,5,22,17,93,1,Reg
1610612766,0021201159,"APR 09, 2013",CHA @ MEM,L,240,30,80,0.375,2,14,0.143,13,18,0.722,11,33,44,13,2,6,10,17,75,0,Reg
1610612766,0021201139,"APR 06, 2013",CHA @ BKN,L,240,36,80,0.45,7,21,0.333,17,23,0.739,13,30,43,18,4,6,15,24,96,1,Reg
1610612766,0021201126,"APR 05, 2013",CHA vs. MIA,L,240,28,88,0.318,3,16,0.188,20,22,0.909,23,23,46,13,11,4,13,11,79,1,Reg
1610612766,0021201112,"APR 03, 2013",CHA vs. PHI,W,240,35,81,0.432,4,14,0.286,14,16,0.875,13,37,50,22,11,5,17,13,88,1,Reg
1610612766,0021201102,"APR 01, 2013",CHA @ MIL,L,240,37,73,0.507,6,19,0.316,22,28,0.786,4,28,32,18,7,5,20,20,102,1,Reg
1610612766,0021201087,"MAR 30, 2013",CHA @ PHI,L,240,38,76,0.5,2,8,0.25,14,23,0.609,8,27,35,22,5,3,12,22,92,1,Reg
1610612766,0021201076,"MAR 29, 2013",CHA @ NYK,L,240,34,73,0.466,10,26,0.385,24,31,0.774,10,24,34,18,7,3,17,26,102,1,Reg
1610612766,0021201059,"MAR 27, 2013",CHA vs. ORL,W,240,44,85,0.518,6,20,0.3,20,28,0.714,11,32,43,26,5,8,10,12,114,1,Reg
1610612766,0021201041,"MAR 24, 2013",CHA @ MIA,L,240,30,89,0.337,5,25,0.2,12,18,0.667,14,31,45,9,8,2,13,20,77,1,Reg
1610612766,0021201033,"MAR 23, 2013",CHA vs. DET,L,240,32,75,0.427,4,17,0.235,23,25,0.92,7,34,41,14,10,9,14,13,91,1,Reg
1610612766,0021201008,"MAR 20, 2013",CHA vs. TOR,W,240,35,75,0.467,8,16,0.5,29,40,0.725,13,29,42,21,10,7,12,26,107,1,Reg
1610612766,0021200994,"MAR 18, 2013",CHA vs. WAS,W,240,42,79,0.532,9,22,0.409,26,33,0.788,8,23,31,32,9,5,11,20,119,1,Reg
1610612766,0021200980,"MAR 16, 2013",CHA @ BOS,L,240,34,76,0.447,7,20,0.35,13,21,0.619,6,29,35,23,7,7,12,17,88,1,Reg
1610612766,0021200969,"MAR 15, 2013",CHA @ TOR,L,240,26,80,0.325,6,22,0.273,20,29,0.69,15,21,36,14,14,3,13,18,78,1,Reg
1610612766,0021200948,"MAR 12, 2013",CHA vs. BOS,W,240,35,77,0.455,6,17,0.353,24,30,0.8,16,32,48,20,8,3,10,18,100,1,Reg
1610612766,0021200929,"MAR 09, 2013",CHA @ WAS,L,240,32,79,0.405,5,15,0.333,18,23,0.783,7,25,32,19,8,2,12,21,87,1,Reg
1610612766,0021200915,"MAR 08, 2013",CHA vs. OKC,L,240,35,85,0.412,7,23,0.304,17,25,0.68,14,23,37,25,3,6,8,15,94,1,Reg
1610612766,0021200899,"MAR 06, 2013",CHA vs. BKN,L,240,32,84,0.381,4,18,0.222,10,15,0.667,6,23,29,21,8,3,12,21,78,1,Reg
1610612766,0021200894,"MAR 04, 2013",CHA @ POR,L,240,45,97,0.464,1,10,0.1,14,18,0.778,21,23,44,21,5,2,8,16,105,1,Reg
1610612766,0021200884,"MAR 03, 2013",CHA @ SAC,L,240,28,77,0.364,6,23,0.261,21,27,0.778,4,27,31,20,6,3,13,18,83,1,Reg
1610612766,0021200873,"MAR 01, 2013",CHA @ UTA,L,240,28,81,0.346,5,18,0.278,7,12,0.583,8,16,24,16,10,6,12,20,68,1,Reg
1610612766,0021200850,"FEB 26, 2013",CHA @ LAC,L,240,33,81,0.407,6,16,0.375,12,14,0.857,7,30,37,17,9,4,16,21,84,1,Reg
1610612766,0021200824,"FEB 23, 2013",CHA vs. DEN,L,240,37,82,0.451,2,11,0.182,23,30,0.767,12,25,37,22,8,10,18,20,99,1,Reg
1610612766,0021200813,"FEB 22, 2013",CHA vs. CHI,L,240,25,75,0.333,4,16,0.25,21,35,0.6,15,30,45,13,2,6,12,17,75,1,Reg
1610612766,0021200799,"FEB 20, 2013",CHA vs. DET,L,240,36,89,0.404,11,25,0.44,16,21,0.762,16,30,46,25,3,9,8,18,99,1,Reg
1610612766,0021200790,"FEB 19, 2013",CHA @ ORL,W,240,38,81,0.469,9,24,0.375,20,27,0.741,10,35,45,18,6,5,16,18,105,1,Reg
1610612766,0021200777,"FEB 13, 2013",CHA @ IND,L,240,26,82,0.317,5,16,0.313,20,28,0.714,16,29,45,14,5,8,16,20,77,1,Reg
1610612766,0021200762,"FEB 11, 2013",CHA vs. BOS,W,240,33,77,0.429,8,18,0.444,20,30,0.667,10,37,47,22,6,7,10,19,94,1,Reg
1610612766,0021200748,"FEB 09, 2013",CHA @ PHI,L,240,27,88,0.307,2,16,0.125,20,23,0.87,12,28,40,20,5,3,7,17,76,1,Reg
1610612766,0021200736,"FEB 08, 2013",CHA vs. LAL,L,240,38,89,0.427,4,14,0.286,13,19,0.684,8,38,46,30,10,4,10,20,93,1,Reg
1610612766,0021200724,"FEB 06, 2013",CHA @ CLE,L,240,37,79,0.468,6,15,0.4,15,25,0.6,9,28,37,21,5,5,13,10,95,1,Reg
1610612766,0021200711,"FEB 04, 2013",CHA @ MIA,L,240,34,80,0.425,8,25,0.32,18,20,0.9,12,28,40,13,8,5,13,24,94,1,Reg
1610612766,0021200699,"FEB 02, 2013",CHA @ HOU,L,240,33,79,0.418,8,19,0.421,21,24,0.875,9,26,35,18,7,7,13,23,95,1,Reg
1610612766,0021200678,"JAN 30, 2013",CHA @ SAS,L,240,30,73,0.411,4,19,0.211,14,17,0.824,9,23,32,13,12,2,23,16,78,1,Reg
1610612766,0021200663,"JAN 28, 2013",CHA @ CHI,L,240,32,81,0.395,6,12,0.5,15,21,0.714,11,30,41,12,3,5,10,20,85,1,Reg
1610612766,0021200645,"JAN 26, 2013",CHA vs. MIN,W,240,37,73,0.507,5,11,0.455,23,26,0.885,8,30,38,21,5,10,17,22,102,1,Reg
1610612766,0021200618,"JAN 23, 2013",CHA vs. ATL,L,240,31,76,0.408,6,15,0.4,24,29,0.828,11,30,41,18,11,8,18,15,92,1,Reg
1610612766,0021200607,"JAN 21, 2013",CHA vs. HOU,L,228,34,81,0.42,6,15,0.4,20,24,0.833,8,32,40,17,5,10,10,27,94,1,Reg
1610612766,0021200593,"JAN 19, 2013",CHA vs. SAC,L,240,31,72,0.431,5,15,0.333,26,38,0.684,10,28,38,20,8,8,13,18,93,1,Reg
1610612766,0021200586,"JAN 18, 2013",CHA @ ORL,W,240,37,79,0.468,4,12,0.333,28,38,0.737,11,32,43,16,5,4,10,24,106,0,Reg
1610612766,0021200565,"JAN 15, 2013",CHA vs. IND,L,240,25,72,0.347,3,9,0.333,23,30,0.767,4,27,31,13,8,6,11,23,76,1,Reg
1610612766,0021200557,"JAN 14, 2013",CHA @ BOS,L,240,33,79,0.418,6,15,0.4,17,24,0.708,10,24,34,15,8,4,13,20,89,1,Reg
1610612766,0021200543,"JAN 12, 2013",CHA @ IND,L,240,36,78,0.462,3,7,0.429,13,16,0.813,9,29,38,20,5,7,14,20,88,1,Reg
1610612766,0021200530,"JAN 11, 2013",CHA @ TOR,L,240,28,75,0.373,3,12,0.25,19,22,0.864,15,26,41,14,7,4,13,14,78,1,Reg
1610612766,0021200517,"JAN 09, 2013",CHA vs. UTA,L,240,42,88,0.477,4,8,0.5,14,22,0.636,13,26,39,26,7,7,15,20,102,1,Reg
1610612766,0021200501,"JAN 06, 2013",CHA @ DET,W,265,40,92,0.435,3,13,0.231,25,29,0.862,19,26,45,14,13,5,11,20,108,1,Reg
1610612766,0021200480,"JAN 04, 2013",CHA vs. CLE,L,240,37,82,0.451,8,17,0.471,22,28,0.786,8,35,43,25,5,3,14,24,104,1,Reg
1610612766,0021200453,"DEC 31, 2012",CHA @ CHI,W,240,33,70,0.471,4,10,0.4,21,38,0.553,12,40,52,14,8,9,18,19,91,1,Reg
1610612766,0021200437,"DEC 29, 2012",CHA vs. NOH,L,240,39,79,0.494,4,10,0.4,13,20,0.65,12,30,42,27,8,7,15,17,95,1,Reg
1610612766,0021200427,"DEC 28, 2012",CHA @ BKN,L,240,28,73,0.384,3,10,0.3,22,32,0.688,12,24,36,11,6,0,12,23,81,1,Reg
1610612766,0021200411,"DEC 26, 2012",CHA vs. MIA,L,240,34,78,0.436,5,14,0.357,19,28,0.679,10,32,42,18,6,6,16,22,92,1,Reg
1610612766,0021200396,"DEC 22, 2012",CHA @ DEN,L,240,33,87,0.379,3,20,0.15,19,30,0.633,12,32,44,21,8,14,11,16,88,1,Reg
1610612766,0021200389,"DEC 21, 2012",CHA @ GSW,L,240,33,90,0.367,8,21,0.381,26,35,0.743,18,26,44,19,5,4,7,17,100,1,Reg
1610612766,0021200373,"DEC 19, 2012",CHA @ PHX,L,240,40,86,0.465,6,10,0.6,18,22,0.818,15,27,42,19,6,4,15,11,104,1,Reg
1610612766,0021200364,"DEC 18, 2012",CHA @ LAL,L,240,38,95,0.4,10,24,0.417,14,22,0.636,21,33,54,24,5,8,10,23,100,1,Reg
1610612766,0021200336,"DEC 15, 2012",CHA vs. ORL,L,240,36,78,0.462,4,12,0.333,22,29,0.759,8,23,31,18,4,7,11,16,98,1,Reg
1610612766,0021200322,"DEC 13, 2012",CHA @ ATL,L,240,34,79,0.43,6,21,0.286,16,20,0.8,8,23,31,22,6,1,14,18,90,1,Reg
1610612766,0021200313,"DEC 12, 2012",CHA vs. LAC,L,240,35,82,0.427,5,16,0.313,19,24,0.792,12,32,44,18,4,5,12,24,94,1,Reg
1610612766,0021200299,"DEC 10, 2012",CHA vs. GSW,L,240,31,83,0.373,9,26,0.346,25,32,0.781,12,27,39,21,6,10,15,20,96,1,Reg
1610612766,0021200284,"DEC 08, 2012",CHA vs. SAS,L,240,37,79,0.468,6,15,0.4,22,31,0.71,7,23,30,18,6,7,11,16,102,1,Reg
1610612766,0021200277,"DEC 07, 2012",CHA @ MIL,L,240,36,81,0.444,3,13,0.231,18,32,0.563,14,31,45,18,9,6,11,23,93,1,Reg
1610612766,0021200257,"DEC 05, 2012",CHA vs. NYK,L,240,39,83,0.47,7,16,0.438,13,15,0.867,12,38,50,26,2,4,12,14,98,1,Reg
1610612766,0021200245,"DEC 03, 2012",CHA vs. POR,L,265,41,88,0.466,13,27,0.481,17,22,0.773,9,32,41,28,6,6,15,19,112,1,Reg
1610612766,0021200223,"NOV 30, 2012",CHA vs. PHI,L,240,39,83,0.47,8,17,0.471,12,18,0.667,13,28,41,25,5,6,10,10,98,1,Reg
1610612766,0021200212,"NOV 28, 2012",CHA @ ATL,L,240,30,76,0.395,12,24,0.5,19,23,0.826,9,36,45,18,6,7,16,21,91,1,Reg
1610612766,0021200201,"NOV 26, 2012",CHA @ OKC,L,240,23,79,0.291,6,22,0.273,17,22,0.773,11,26,37,12,9,4,11,19,69,1,Reg
1610612766,0021200184,"NOV 24, 2012",CHA @ WAS,W,290,34,83,0.41,12,28,0.429,28,36,0.778,5,35,40,20,12,5,17,33,108,1,Reg
1610612766,0021200171,"NOV 23, 2012",CHA vs. ATL,L,240,31,83,0.373,8,22,0.364,21,26,0.808,7,29,36,17,16,9,13,15,91,1,Reg
1610612766,0021200157,"NOV 21, 2012",CHA vs. TOR,W,240,36,86,0.419,3,19,0.158,23,28,0.821,9,28,37,21,7,9,12,21,98,1,Reg
1610612766,0021200148,"NOV 19, 2012",CHA vs. MIL,W,240,36,82,0.439,3,11,0.273,27,30,0.9,11,33,44,22,7,5,16,14,102,1,Reg
1610612766,0021200134,"NOV 17, 2012",CHA vs. MEM,L,240,32,85,0.376,4,13,0.308,19,28,0.679,15,31,46,17,7,5,16,25,87,1,Reg
1610612766,0021200114,"NOV 14, 2012",CHA @ MIN,W,240,38,84,0.452,4,16,0.25,9,14,0.643,9,34,43,15,11,12,15,26,89,1,Reg
1610612766,0021200103,"NOV 13, 2012",CHA vs. WAS,W,240,31,78,0.397,3,13,0.231,27,32,0.844,13,37,50,17,8,7,12,20,92,1,Reg
1610612766,0021200083,"NOV 10, 2012",CHA vs. DAL,W,265,40,95,0.421,3,20,0.15,18,28,0.643,21,32,53,15,12,6,17,24,101,1,Reg
1610612766,0021200074,"NOV 09, 2012",CHA @ NOH,L,240,40,83,0.482,7,21,0.333,12,18,0.667,15,26,41,17,7,9,12,17,99,0,Reg
1610612766,0021200053,"NOV 07, 2012",CHA vs. PHX,L,240,38,87,0.437,10,22,0.455,24,27,0.889,15,24,39,26,4,12,12,20,110,1,Reg
1610612766,0021200034,"NOV 03, 2012",CHA @ DAL,L,240,39,91,0.429,3,17,0.176,18,24,0.75,15,23,38,19,13,2,10,14,99,1,Reg
1610612766,0021200015,"NOV 02, 2012",CHA vs. IND,W,240,31,85,0.365,7,19,0.368,21,24,0.875,10,31,41,18,10,9,10,22,90,1,Reg
1610612766,0041300114,"APR 28, 2014",CHA vs. MIA,L,240,35,69,0.507,7,25,0.28,21,30,0.7,6,30,36,22,4,6,16,24,98,1,Playoff
1610612766,0041300113,"APR 26, 2014",CHA vs. MIA,L,240,27,65,0.415,7,18,0.389,24,33,0.727,4,34,38,21,3,8,14,18,85,1,Playoff
1610612766,0041300112,"APR 23, 2014",CHA @ MIA,L,240,37,88,0.42,9,21,0.429,14,19,0.737,15,26,41,18,5,2,13,22,97,1,Playoff
1610612766,0041300111,"APR 20, 2014",CHA @ MIA,L,240,36,79,0.456,8,21,0.381,8,12,0.667,8,36,44,18,5,2,13,17,88,1,Playoff
1610612766,0021301223,"APR 16, 2014",CHA vs. CHI,W,265,34,85,0.4,5,21,0.238,18,26,0.692,12,41,53,23,8,7,9,14,91,1,Reg
1610612766,0021301207,"APR 14, 2014",CHA @ ATL,W,240,35,80,0.438,6,25,0.24,19,31,0.613,12,36,48,27,3,2,9,20,95,1,Reg
1610612766,0021301190,"APR 12, 2014",CHA vs. PHI,W,240,39,72,0.542,7,19,0.368,26,41,0.634,9,32,41,23,3,9,14,22,111,1,Reg
1610612766,0021301178,"APR 11, 2014",CHA @ BOS,L,240,44,87,0.506,7,18,0.389,8,12,0.667,7,27,34,33,12,4,12,20,103,1,Reg
1610612766,0021301165,"APR 09, 2014",CHA @ WAS,W,265,35,92,0.38,11,25,0.44,13,15,0.867,9,39,48,23,7,1,12,17,94,1,Reg
1610612766,0021301145,"APR 05, 2014",CHA @ CLE,W,265,34,91,0.374,9,26,0.346,19,27,0.704,12,46,58,23,7,5,12,19,96,1,Reg
1610612766,0021301130,"APR 04, 2014",CHA vs. ORL,W,240,33,78,0.423,6,16,0.375,19,23,0.826,9,37,46,20,5,7,14,15,91,1,Reg
1610612766,0021301117,"APR 02, 2014",CHA @ PHI,W,240,42,79,0.532,12,22,0.545,27,35,0.771,9,38,47,32,1,4,9,17,123,1,Reg
1610612766,0021301101,"MAR 31, 2014",CHA vs. WAS,W,240,34,78,0.436,3,21,0.143,29,34,0.853,15,33,48,17,6,5,10,15,100,2,Reg
1610612766,0021301075,"MAR 28, 2014",CHA @ ORL,L,265,43,97,0.443,8,22,0.364,11,14,0.786,9,27,36,24,7,7,10,22,105,1,Reg
1610612766,0021301061,"MAR 26, 2014",CHA vs. BKN,W,265,46,92,0.5,8,21,0.381,16,23,0.696,15,34,49,27,3,1,8,16,116,1,Reg
1610612766,0021301047,"MAR 24, 2014",CHA vs. HOU,L,240,32,86,0.372,4,21,0.19,21,25,0.84,13,25,38,12,7,4,9,18,89,1,Reg
1610612766,0021301032,"MAR 22, 2014",CHA vs. POR,W,240,49,94,0.521,8,19,0.421,18,19,0.947,12,38,50,28,7,8,5,19,124,1,Reg
1610612766,0021301010,"MAR 19, 2014",CHA @ BKN,L,240,40,85,0.471,9,27,0.333,10,12,0.833,15,36,51,27,2,5,15,26,99,1,Reg
1610612766,0021300996,"MAR 17, 2014",CHA vs. ATL,L,240,30,85,0.353,9,25,0.36,14,16,0.875,10,32,42,22,4,7,6,15,83,1,Reg
1610612766,0021300987,"MAR 16, 2014",CHA @ MIL,W,240,39,68,0.574,9,20,0.45,14,18,0.778,6,33,39,26,5,8,17,16,101,1,Reg
1610612766,0021300971,"MAR 14, 2014",CHA vs. MIN,W,240,44,91,0.484,8,19,0.421,9,14,0.643,14,40,54,28,6,6,15,19,105,1,Reg
1610612766,0021300961,"MAR 12, 2014",CHA @ WAS,W,240,38,78,0.487,5,18,0.278,17,22,0.773,9,35,44,13,5,3,10,11,98,1,Reg
1610612766,0021300943,"MAR 10, 2014",CHA vs. DEN,W,240,37,81,0.457,8,20,0.4,23,28,0.821,6,36,42,21,8,6,12,21,105,1,Reg
1610612766,0021300930,"MAR 08, 2014",CHA @ MEM,L,240,37,93,0.398,5,21,0.238,10,14,0.714,13,27,40,18,7,7,11,19,89,1,Reg
1610612766,0021300918,"MAR 07, 2014",CHA vs. CLE,W,240,36,77,0.468,9,29,0.31,20,22,0.909,8,29,37,26,6,10,12,17,101,1,Reg
1610612766,0021300904,"MAR 05, 2014",CHA vs. IND,W,240,43,84,0.512,9,18,0.5,14,20,0.7,9,28,37,21,8,5,7,20,109,1,Reg
1610612766,0021300893,"MAR 03, 2014",CHA @ MIA,L,240,42,82,0.512,9,23,0.391,14,21,0.667,13,27,40,27,4,0,10,16,107,1,Reg
1610612766,0021300887,"MAR 02, 2014",CHA @ OKC,L,240,30,68,0.441,8,22,0.364,31,40,0.775,2,27,29,19,7,4,15,23,99,1,Reg
1610612766,0021300871,"FEB 28, 2014",CHA @ SAS,L,240,33,90,0.367,3,17,0.176,13,15,0.867,12,29,41,23,12,3,11,18,82,1,Reg
1610612766,0021300825,"FEB 22, 2014",CHA vs. MEM,W,240,30,82,0.366,8,20,0.4,24,27,0.889,9,33,42,16,4,4,11,18,92,1,Reg
1610612766,0021300815,"FEB 21, 2014",CHA vs. NOP,W,240,31,80,0.388,3,15,0.2,25,36,0.694,14,33,47,17,5,9,11,16,90,1,Reg
1610612766,0021300801,"FEB 19, 2014",CHA vs. DET,W,240,42,82,0.512,8,20,0.4,24,31,0.774,8,41,49,32,5,11,15,18,116,1,Reg
1610612766,0021300795,"FEB 18, 2014",CHA @ DET,W,240,39,75,0.52,7,17,0.412,23,37,0.622,5,38,43,25,4,2,7,18,108,1,Reg
1610612766,0021300781,"FEB 12, 2014",CHA @ BKN,L,240,36,87,0.414,10,27,0.37,7,15,0.467,11,32,43,17,4,4,10,15,89,1,Reg
1610612766,0021300770,"FEB 11, 2014",CHA vs. DAL,W,240,45,82,0.549,12,24,0.5,12,15,0.8,6,32,38,42,3,7,8,15,114,1,Reg
1610612766,0021300749,"FEB 08, 2014",CHA vs. SAS,L,240,39,89,0.438,6,16,0.375,16,22,0.727,13,34,47,24,10,6,11,18,100,1,Reg
1610612766,0021300724,"FEB 04, 2014",CHA @ GSW,W,240,37,78,0.474,5,13,0.385,12,19,0.632,9,39,48,22,9,2,15,20,91,1,Reg
1610612766,0021300706,"FEB 01, 2014",CHA @ PHX,L,240,33,79,0.418,8,23,0.348,21,29,0.724,5,29,34,19,7,5,8,18,95,1,Reg
1610612766,0021300695,"JAN 31, 2014",CHA @ LAL,W,240,46,88,0.523,2,11,0.182,16,22,0.727,7,42,49,28,7,2,9,20,110,1,Reg
1610612766,0021300682,"JAN 29, 2014",CHA @ DEN,W,240,33,78,0.423,5,14,0.357,30,42,0.714,7,46,53,18,5,7,16,16,101,1,Reg
1610612766,0021300646,"JAN 25, 2014",CHA vs. CHI,L,240,37,88,0.42,6,19,0.316,7,10,0.7,11,34,45,24,3,8,15,18,87,1,Reg
1610612766,0021300640,"JAN 24, 2014",CHA @ NYK,L,240,37,76,0.487,10,24,0.417,12,14,0.857,6,25,31,23,1,3,11,11,96,1,Reg
1610612766,0021300621,"JAN 22, 2014",CHA vs. LAC,W,240,39,84,0.464,5,15,0.333,12,20,0.6,7,34,41,22,6,6,10,17,95,1,Reg
1610612766,0021300608,"JAN 20, 2014",CHA vs. TOR,W,240,32,65,0.492,9,16,0.563,27,33,0.818,2,38,40,28,6,5,13,9,100,1,Reg
1610612766,0021300593,"JAN 18, 2014",CHA vs. MIA,L,265,36,75,0.48,7,17,0.412,17,23,0.739,4,30,34,31,6,6,13,23,96,1,Reg
1610612766,0021300582,"JAN 17, 2014",CHA @ ORL,W,240,39,74,0.527,7,15,0.467,26,35,0.743,4,32,36,25,6,6,12,15,111,1,Reg
1610612766,0021300567,"JAN 15, 2014",CHA @ PHI,L,240,35,88,0.398,5,20,0.25,17,26,0.654,8,34,42,25,10,6,13,20,92,1,Reg
1610612766,0021300562,"JAN 14, 2014",CHA vs. NYK,W,240,38,75,0.507,6,14,0.429,26,33,0.788,5,32,37,21,4,2,5,20,108,1,Reg
1610612766,0021300547,"JAN 11, 2014",CHA @ CHI,L,240,37,79,0.468,4,11,0.364,19,20,0.95,6,28,34,18,5,7,9,23,97,1,Reg
1610612766,0021300535,"JAN 10, 2014",CHA @ MIN,L,240,37,84,0.44,8,19,0.421,10,14,0.714,4,29,33,23,10,7,10,17,92,1,Reg
1610612766,0021300508,"JAN 07, 2014",CHA vs. WAS,L,240,31,72,0.431,6,16,0.375,15,24,0.625,3,35,38,19,3,1,13,13,83,1,Reg
1610612766,0021300497,"JAN 04, 2014",CHA @ SAC,W,240,45,83,0.542,9,15,0.6,14,23,0.609,6,32,38,22,5,4,11,19,113,1,Reg
1610612766,0021300480,"JAN 02, 2014",CHA @ POR,L,240,34,79,0.43,7,16,0.438,29,36,0.806,6,24,30,15,10,2,9,10,104,1,Reg
1610612766,0021300472,"JAN 01, 2014",CHA @ LAC,L,240,29,76,0.382,6,21,0.286,21,22,0.955,7,31,38,19,7,1,16,13,85,1,Reg
1610612766,0021300458,"DEC 30, 2013",CHA @ UTA,L,240,31,84,0.369,7,14,0.5,11,15,0.733,12,33,45,13,6,3,11,12,80,1,Reg
1610612766,0021300440,"DEC 28, 2013",CHA @ ATL,L,265,45,104,0.433,10,26,0.385,16,22,0.727,12,43,55,26,6,4,10,27,116,1,Reg
1610612766,0021300427,"DEC 27, 2013",CHA vs. OKC,L,240,30,80,0.375,9,23,0.391,16,20,0.8,9,34,43,20,5,5,8,18,85,1,Reg
1610612766,0021300407,"DEC 23, 2013",CHA vs. MIL,W,265,43,99,0.434,10,17,0.588,15,20,0.75,9,34,43,30,2,7,8,17,111,1,Reg
1610612766,0021300394,"DEC 21, 2013",CHA vs. UTA,L,240,36,83,0.434,2,12,0.167,11,16,0.688,14,36,50,16,1,9,11,17,85,1,Reg
1610612766,0021300386,"DEC 20, 2013",CHA @ DET,W,240,44,84,0.524,3,10,0.3,25,28,0.893,10,33,43,19,12,10,12,17,116,1,Reg
1610612766,0021300371,"DEC 18, 2013",CHA @ TOR,W,265,37,81,0.457,8,15,0.533,22,34,0.647,7,33,40,18,7,1,20,24,104,1,Reg
1610612766,0021300364,"DEC 17, 2013",CHA vs. SAC,W,240,35,78,0.449,8,17,0.471,17,24,0.708,5,37,42,26,9,6,15,26,95,1,Reg
1610612766,0021300342,"DEC 14, 2013",CHA vs. LAL,L,240,39,89,0.438,2,13,0.154,5,8,0.625,12,34,46,22,10,9,13,16,85,1,Reg
1610612766,0021300329,"DEC 13, 2013",CHA @ IND,L,240,39,83,0.47,4,12,0.333,12,17,0.706,8,30,38,19,5,4,11,19,94,1,Reg
1610612766,0021300318,"DEC 11, 2013",CHA vs. ORL,L,240,31,84,0.369,4,17,0.235,17,18,0.944,9,32,41,23,6,7,10,14,83,1,Reg
1610612766,0021300304,"DEC 09, 2013",CHA vs. GSW,W,240,43,94,0.457,6,12,0.5,23,29,0.793,7,39,46,22,6,4,7,16,115,1,Reg
1610612766,0021300280,"DEC 06, 2013",CHA vs. PHI,W,240,42,91,0.462,4,21,0.19,17,25,0.68,12,36,48,29,9,7,9,15,105,1,Reg
1610612766,0021300266,"DEC 03, 2013",CHA @ DAL,L,240,30,78,0.385,3,17,0.176,19,25,0.76,10,40,50,11,5,4,10,18,82,1,Reg
1610612766,0021300252,"DEC 01, 2013",CHA @ MIA,L,240,35,76,0.461,4,15,0.267,24,28,0.857,6,33,39,16,8,2,14,20,98,1,Reg
1610612766,0021300228,"NOV 29, 2013",CHA vs. MIL,W,240,35,79,0.443,3,15,0.2,19,31,0.613,16,38,54,20,5,4,17,17,92,1,Reg
1610612766,0021300215,"NOV 27, 2013",CHA vs. IND,L,240,26,83,0.313,3,9,0.333,19,28,0.679,11,32,43,13,3,6,15,27,74,1,Reg
1610612766,0021300202,"NOV 25, 2013",CHA vs. BOS,L,240,33,74,0.446,3,9,0.333,17,20,0.85,9,28,37,17,2,3,16,15,86,1,Reg
1610612766,0021300193,"NOV 23, 2013",CHA @ MIL,W,240,38,77,0.494,5,14,0.357,15,27,0.556,14,38,52,18,9,4,14,13,96,1,Reg
1610612766,0021300176,"NOV 22, 2013",CHA vs. PHX,L,240,32,77,0.416,3,14,0.214,24,33,0.727,11,30,41,17,9,4,16,28,91,1,Reg
1610612766,0021300161,"NOV 20, 2013",CHA vs. BKN,W,240,36,81,0.444,5,13,0.385,18,30,0.6,17,24,41,17,7,4,15,20,95,1,Reg
1610612766,0021300151,"NOV 18, 2013",CHA @ CHI,L,240,33,91,0.363,7,16,0.438,8,16,0.5,12,32,44,25,6,8,9,23,81,1,Reg
1610612766,0021300136,"NOV 16, 2013",CHA vs. MIA,L,240,29,83,0.349,8,27,0.296,15,20,0.75,10,26,36,20,5,3,8,20,81,1,Reg
1610612766,0021300129,"NOV 15, 2013",CHA @ CLE,W,240,32,80,0.4,8,20,0.4,14,20,0.7,12,35,47,23,8,8,16,13,86,1,Reg
1610612766,0021300113,"NOV 13, 2013",CHA @ BOS,W,240,30,82,0.366,3,12,0.25,26,30,0.867,12,38,50,16,8,5,11,20,89,1,Reg
1610612766,0021300098,"NOV 11, 2013",CHA vs. ATL,L,240,33,81,0.407,5,13,0.385,23,29,0.793,10,30,40,22,4,0,14,24,94,1,Reg
1610612766,0021300073,"NOV 08, 2013",CHA vs. NYK,L,240,31,76,0.408,4,16,0.25,25,30,0.833,10,31,41,13,4,8,14,15,91,1,Reg
1610612766,0021300060,"NOV 06, 2013",CHA vs. TOR,W,240,36,73,0.493,3,15,0.2,17,30,0.567,10,27,37,24,5,8,8,19,92,1,Reg
1610612766,0021300054,"NOV 05, 2013",CHA @ NYK,W,240,30,71,0.423,8,21,0.381,34,42,0.81,16,35,51,17,9,5,22,25,102,1,Reg
1610612766,0021300035,"NOV 02, 2013",CHA @ NOP,L,240,30,80,0.375,3,21,0.143,21,36,0.583,14,27,41,13,8,4,13,22,84,1,Reg
1610612766,0021300020,"NOV 01, 2013",CHA vs. CLE,W,240,33,73,0.452,3,12,0.25,21,34,0.618,5,32,37,21,7,8,15,20,90,1,Reg
1610612766,0021300009,"OCT 30, 2013",CHA @ HOU,L,240,33,90,0.367,4,10,0.4,13,20,0.65,12,25,37,14,8,6,7,21,83,1,Reg
