Team_ID,Game_ID,GAME_DATE,MATCHUP,WL,MIN,FGM,FGA,FG_PCT,FG3M,FG3A,FG3_PCT,FTM,FTA,FT_PCT,OREB,DREB,REB,AST,STL,BLK,TOV,PF,PTS,VIDEO_AVAILABLE
1610612738,0020701221,"APR 16, 2008",BOS vs. NJN,W,240,37,82,0.451,8,15,0.533,23,30,0.767,12,32,44,22,10,6,13,24,105,0
1610612738,0020701206,"APR 14, 2008",BOS @ NYK,W,240,37,77,0.481,7,16,0.438,18,26,0.692,9,34,43,13,7,5,14,20,99,0
1610612738,0020701189,"APR 12, 2008",BOS @ ATL,W,240,34,72,0.472,5,12,0.417,26,29,0.897,8,31,39,21,7,6,12,23,99,0
1610612738,0020701180,"APR 11, 2008",BOS vs. MIL,W,240,44,87,0.506,10,20,0.5,4,5,0.8,11,35,46,33,6,4,13,24,102,0
1610612738,0020701166,"APR 09, 2008",BOS @ WAS,L,240,34,76,0.447,13,30,0.433,14,21,0.667,14,32,46,24,6,4,20,21,95,0
1610612738,0020701157,"APR 08, 2008",BOS @ MIL,W,265,36,73,0.493,7,22,0.318,28,39,0.718,8,34,42,21,11,3,23,28,107,0
1610612738,0020701139,"APR 05, 2008",BOS @ CHA,W,240,34,78,0.436,6,17,0.353,27,34,0.794,15,39,54,14,13,5,13,18,101,0
1610612738,0020701116,"APR 02, 2008",BOS vs. IND,W,240,35,79,0.443,6,24,0.25,16,21,0.762,12,39,51,27,9,3,18,24,92,0
1610612738,0020701109,"APR 01, 2008",BOS @ CHI,W,240,35,71,0.493,14,25,0.56,22,28,0.786,11,34,45,24,7,8,19,26,106,0
1610612738,0020701093,"MAR 30, 2008",BOS vs. MIA,W,240,32,83,0.386,7,27,0.259,17,22,0.773,22,32,54,23,13,4,14,25,88,0
1610612738,0020701076,"MAR 28, 2008",BOS vs. NOH,W,240,44,74,0.595,4,16,0.25,20,22,0.909,2,38,40,26,2,3,6,24,112,0
1610612738,0020701063,"MAR 26, 2008",BOS vs. PHX,W,240,45,86,0.523,5,13,0.385,22,28,0.786,17,24,41,27,10,4,14,21,117,0
1610612738,0020701044,"MAR 24, 2008",BOS vs. PHI,L,240,34,75,0.453,7,20,0.35,15,20,0.75,6,28,34,28,8,5,15,28,90,0
1610612738,0020701033,"MAR 22, 2008",BOS @ NOH,L,240,41,74,0.554,7,21,0.333,17,22,0.773,11,33,44,21,4,2,20,26,106,0
1610612738,0020701017,"MAR 20, 2008",BOS @ DAL,W,240,30,87,0.345,4,16,0.25,30,35,0.857,12,37,49,16,10,9,8,21,94,0
1610612738,0020701002,"MAR 18, 2008",BOS @ HOU,W,240,38,88,0.432,3,12,0.25,15,17,0.882,15,30,45,18,10,4,11,19,94,0
1610612738,0020700997,"MAR 17, 2008",BOS @ SAS,W,240,34,73,0.466,3,11,0.273,22,25,0.88,10,30,40,13,9,6,14,24,93,0
1610612738,0020700980,"MAR 15, 2008",BOS @ MIL,W,240,41,79,0.519,4,14,0.286,13,19,0.684,12,30,42,28,7,1,10,21,99,0
1610612738,0020700966,"MAR 14, 2008",BOS vs. UTA,L,240,32,66,0.485,3,15,0.2,25,34,0.735,11,18,29,20,6,7,14,25,92,0
1610612738,0020700954,"MAR 12, 2008",BOS vs. SEA,W,240,45,89,0.506,5,11,0.455,16,24,0.667,10,36,46,31,7,7,10,17,111,0
1610612738,0020700939,"MAR 10, 2008",BOS @ PHI,W,240,37,78,0.474,9,23,0.391,17,21,0.81,13,37,50,24,4,6,14,30,100,0
1610612738,0020700929,"MAR 08, 2008",BOS @ MEM,W,240,47,81,0.58,15,30,0.5,10,15,0.667,11,34,45,31,5,6,14,28,119,0
1610612738,0020700917,"MAR 07, 2008",BOS vs. CHI,W,240,36,79,0.456,6,18,0.333,38,43,0.884,12,43,55,23,9,9,20,26,116,0
1610612738,0020700899,"MAR 05, 2008",BOS vs. DET,W,240,35,76,0.461,3,8,0.375,17,24,0.708,10,40,50,23,2,5,11,20,90,0
1610612738,0020700877,"MAR 02, 2008",BOS vs. ATL,W,240,37,83,0.446,7,21,0.333,17,21,0.81,12,36,48,26,9,7,13,22,98,0
1610612738,0020700859,"FEB 29, 2008",BOS vs. CHA,W,240,41,86,0.477,9,19,0.474,17,21,0.81,12,32,44,33,9,5,16,20,108,0
1610612738,0020700849,"FEB 27, 2008",BOS vs. CLE,W,240,34,65,0.523,4,12,0.333,20,29,0.69,5,32,37,27,10,2,19,25,92,0
1610612738,0020700836,"FEB 25, 2008",BOS @ LAC,W,240,38,69,0.551,8,18,0.444,20,25,0.8,3,34,37,22,10,8,13,22,104,0
1610612738,0020700827,"FEB 24, 2008",BOS @ POR,W,240,44,76,0.579,14,21,0.667,10,15,0.667,10,27,37,25,6,1,17,26,112,0
1610612738,0020700812,"FEB 22, 2008",BOS @ PHX,L,240,30,78,0.385,4,17,0.235,13,16,0.813,8,24,32,14,13,5,20,27,77,0
1610612738,0020700799,"FEB 20, 2008",BOS @ GSW,L,240,37,77,0.481,11,23,0.478,32,46,0.696,8,29,37,24,8,3,15,28,117,0
1610612738,0020700785,"FEB 19, 2008",BOS @ DEN,L,240,44,99,0.444,11,33,0.333,19,28,0.679,14,33,47,19,8,6,13,33,118,0
1610612738,0020700769,"FEB 13, 2008",BOS vs. NYK,W,240,38,75,0.507,7,21,0.333,28,36,0.778,10,29,39,29,6,6,15,25,111,0
1610612738,0020700759,"FEB 12, 2008",BOS @ IND,W,240,35,83,0.422,10,28,0.357,24,29,0.828,8,34,42,20,10,6,8,23,104,0
1610612738,0020700749,"FEB 10, 2008",BOS vs. SAS,W,240,33,71,0.465,9,23,0.391,23,34,0.676,10,36,46,24,9,0,14,19,98,0
1610612738,0020700732,"FEB 08, 2008",BOS @ MIN,W,240,34,74,0.459,6,16,0.375,14,17,0.824,5,31,36,21,6,8,15,15,88,0
1610612738,0020700715,"FEB 06, 2008",BOS vs. LAC,W,240,42,79,0.532,8,16,0.5,19,25,0.76,10,30,40,24,10,5,19,29,111,0
1610612738,0020700708,"FEB 05, 2008",BOS @ CLE,L,240,42,74,0.568,9,18,0.5,20,22,0.909,7,22,29,21,8,2,19,29,113,0
1610612738,0020700676,"JAN 31, 2008",BOS vs. DAL,W,240,33,77,0.429,5,11,0.455,25,29,0.862,12,25,37,13,6,3,8,25,96,0
1610612738,0020700659,"JAN 29, 2008",BOS @ MIA,W,240,40,78,0.513,10,21,0.476,27,35,0.771,10,41,51,22,12,5,14,27,117,0
1610612738,0020700644,"JAN 27, 2008",BOS @ ORL,L,240,35,84,0.417,7,18,0.389,16,18,0.889,13,25,38,14,11,2,11,23,93,0
1610612738,0020700628,"JAN 25, 2008",BOS vs. MIN,W,240,29,69,0.42,4,16,0.25,25,30,0.833,12,35,47,17,7,7,23,17,87,0
1610612738,0020700613,"JAN 23, 2008",BOS vs. TOR,L,240,44,89,0.494,7,21,0.333,17,22,0.773,16,23,39,30,11,5,12,19,112,0
1610612738,0020700595,"JAN 21, 2008",BOS @ NYK,W,240,41,75,0.547,4,11,0.364,23,29,0.793,11,31,42,18,10,1,15,22,109,0
1610612738,0020700576,"JAN 18, 2008",BOS vs. PHI,W,240,43,73,0.589,14,22,0.636,16,21,0.762,10,20,30,31,6,6,16,29,116,0
1610612738,0020700566,"JAN 16, 2008",BOS vs. POR,W,240,34,78,0.436,7,26,0.269,25,38,0.658,13,28,41,20,5,4,8,24,100,0
1610612738,0020700548,"JAN 14, 2008",BOS vs. WAS,L,240,31,74,0.419,5,20,0.25,16,22,0.727,11,26,37,17,4,7,14,22,83,0
1610612738,0020700534,"JAN 12, 2008",BOS @ WAS,L,240,26,63,0.413,9,25,0.36,17,23,0.739,7,23,30,21,13,9,19,23,78,0
1610612738,0020700524,"JAN 11, 2008",BOS @ NJN,W,240,34,71,0.479,5,17,0.294,13,21,0.619,5,39,44,18,8,7,15,18,86,0
1610612738,0020700511,"JAN 09, 2008",BOS vs. CHA,L,240,30,72,0.417,4,20,0.2,19,24,0.792,10,30,40,19,7,6,17,24,83,0
1610612738,0020700485,"JAN 05, 2008",BOS @ DET,W,240,31,74,0.419,4,16,0.25,26,33,0.788,15,35,50,14,4,4,13,27,92,0
1610612738,0020700475,"JAN 04, 2008",BOS vs. MEM,W,240,36,78,0.462,6,16,0.375,22,25,0.88,7,36,43,22,9,1,14,21,100,0
1610612738,0020700462,"JAN 02, 2008",BOS vs. HOU,W,240,41,77,0.532,4,16,0.25,11,19,0.579,7,27,34,27,8,5,12,20,97,0
1610612738,0020700448,"DEC 30, 2007",BOS @ LAL,W,240,37,80,0.463,7,22,0.318,29,39,0.744,10,39,49,17,11,4,16,30,110,0
1610612738,0020700441,"DEC 29, 2007",BOS @ UTA,W,240,37,80,0.463,10,21,0.476,20,26,0.769,14,27,41,22,10,1,11,19,104,0
1610612738,0020700421,"DEC 27, 2007",BOS @ SEA,W,240,34,86,0.395,9,19,0.474,27,36,0.75,14,28,42,21,4,3,4,15,104,0
1610612738,0020700417,"DEC 26, 2007",BOS @ SAC,W,240,31,76,0.408,11,22,0.5,16,22,0.727,16,29,45,19,11,4,17,20,89,0
1610612738,0020700403,"DEC 23, 2007",BOS vs. ORL,W,240,38,73,0.521,8,19,0.421,19,24,0.792,6,32,38,24,7,5,14,24,103,0
1610612738,0020700381,"DEC 21, 2007",BOS vs. CHI,W,240,31,70,0.443,12,26,0.462,33,42,0.786,8,38,46,25,12,4,22,26,107,0
1610612738,0020700369,"DEC 19, 2007",BOS vs. DET,L,240,34,69,0.493,4,14,0.286,13,21,0.619,10,27,37,18,9,3,15,18,85,0
1610612738,0020700351,"DEC 16, 2007",BOS @ TOR,W,240,37,75,0.493,7,18,0.389,9,16,0.563,4,31,35,18,8,5,9,19,90,0
1610612738,0020700330,"DEC 14, 2007",BOS vs. MIL,W,240,35,75,0.467,8,20,0.4,26,30,0.867,11,30,41,19,12,3,13,14,104,0
1610612738,0020700318,"DEC 12, 2007",BOS vs. SAC,W,240,27,69,0.391,6,22,0.273,30,32,0.938,11,22,33,16,10,3,8,18,90,0
1610612738,0020700291,"DEC 08, 2007",BOS @ CHI,W,240,33,64,0.516,7,23,0.304,19,22,0.864,7,38,45,22,5,9,17,20,92,0
1610612738,0020700280,"DEC 07, 2007",BOS vs. TOR,W,240,39,74,0.527,9,21,0.429,25,30,0.833,8,36,44,29,9,5,20,21,112,0
1610612738,0020700263,"DEC 05, 2007",BOS @ PHI,W,240,40,76,0.526,10,22,0.455,23,26,0.885,9,23,32,22,10,3,11,18,113,0
1610612738,0020700242,"DEC 02, 2007",BOS vs. CLE,W,240,27,72,0.375,2,14,0.143,24,32,0.75,11,40,51,15,11,4,15,19,80,0
1610612738,0020700228,"NOV 30, 2007",BOS @ MIA,W,240,29,73,0.397,10,22,0.455,27,34,0.794,12,28,40,17,15,0,17,17,95,0
1610612738,0020700221,"NOV 29, 2007",BOS vs. NYK,W,240,37,79,0.468,12,22,0.545,18,25,0.72,11,40,51,27,7,6,6,24,104,0
1610612738,0020700204,"NOV 27, 2007",BOS @ CLE,L,265,37,86,0.43,10,25,0.4,20,29,0.69,10,30,40,26,8,7,12,22,104,0
1610612738,0020700185,"NOV 24, 2007",BOS @ CHA,W,240,34,78,0.436,6,18,0.333,22,28,0.786,9,25,34,22,4,4,13,18,96,0
1610612738,0020700172,"NOV 23, 2007",BOS vs. LAL,W,240,39,77,0.506,8,17,0.471,21,28,0.75,6,36,42,31,7,2,12,13,107,0
1610612738,0020700158,"NOV 21, 2007",BOS vs. GSW,W,240,38,79,0.481,7,21,0.333,22,28,0.786,12,40,52,26,9,7,17,18,105,0
1610612738,0020700142,"NOV 18, 2007",BOS @ ORL,L,240,40,75,0.533,4,16,0.25,18,26,0.692,9,32,41,17,6,2,19,33,102,0
1610612738,0020700121,"NOV 16, 2007",BOS vs. MIA,W,240,35,71,0.493,5,14,0.357,17,18,0.944,5,35,40,29,5,2,18,22,92,0
1610612738,0020700108,"NOV 14, 2007",BOS vs. NJN,W,240,33,71,0.465,3,12,0.25,22,31,0.71,10,32,42,21,15,7,14,28,91,0
1610612738,0020700098,"NOV 13, 2007",BOS @ IND,W,240,31,73,0.425,6,21,0.286,33,44,0.75,7,35,42,17,12,8,13,24,101,0
1610612738,0020700081,"NOV 10, 2007",BOS @ NJN,W,240,36,79,0.456,10,19,0.526,30,35,0.857,12,37,49,27,9,3,11,24,112,0
1610612738,0020700068,"NOV 09, 2007",BOS vs. ATL,W,240,41,68,0.603,6,10,0.6,18,25,0.72,8,31,39,30,8,6,18,20,106,0
1610612738,0020700058,"NOV 07, 2007",BOS vs. DEN,W,240,49,76,0.645,7,19,0.368,14,22,0.636,7,31,38,32,20,2,20,21,119,0
1610612738,0020700035,"NOV 04, 2007",BOS @ TOR,W,265,34,77,0.442,12,26,0.462,18,21,0.857,8,34,42,21,7,3,17,28,98,0
1610612738,0020700021,"NOV 02, 2007",BOS vs. WAS,W,240,39,81,0.481,7,21,0.333,18,27,0.667,10,36,46,20,10,6,15,24,103,0
