Team_ID,Game_ID,GAME_DATE,MATCHUP,WL,MIN,FGM,FGA,FG_PCT,FG3M,FG3A,FG3_PCT,FTM,FTA,FT_PCT,OREB,DREB,REB,AST,STL,BLK,TOV,PF,PTS,VIDEO_AVAILABLE
1610612752,0020301179,"APR 14, 2004",NYK vs. CLE,L,240,38,79,0.481,4,10,0.4,10,14,0.714,12,30,42,13,7,2,16,16,90,0
1610612752,0020301166,"APR 12, 2004",NYK @ NOH,W,240,36,83,0.434,7,14,0.5,22,30,0.733,13,32,45,26,5,4,11,25,101,0
1610612752,0020301148,"APR 10, 2004",NYK @ WAS,W,265,37,86,0.43,3,13,0.231,25,28,0.893,11,33,44,21,11,6,15,23,102,0
1610612752,0020301124,"APR 07, 2004",NYK vs. CHI,W,240,34,75,0.453,3,9,0.333,25,30,0.833,11,38,49,24,8,8,16,22,96,0
1610612752,0020301119,"APR 06, 2004",NYK @ IND,L,240,33,71,0.465,1,3,0.333,19,26,0.731,10,26,36,20,7,7,20,23,86,0
1610612752,0020301101,"APR 03, 2004",NYK @ PHI,W,240,31,73,0.425,5,10,0.5,19,23,0.826,10,29,39,25,6,3,12,24,86,0
1610612752,0020301092,"APR 02, 2004",NYK @ NJN,L,240,30,75,0.4,2,13,0.154,21,27,0.778,14,14,28,15,11,4,13,25,83,0
1610612752,0020301064,"MAR 29, 2004",NYK vs. POR,W,240,38,81,0.469,3,9,0.333,13,16,0.813,12,28,40,18,10,3,11,21,92,0
1610612752,0020301051,"MAR 27, 2004",NYK @ DET,L,240,29,75,0.387,4,14,0.286,23,31,0.742,16,26,42,16,4,7,15,27,85,0
1610612752,0020301040,"MAR 26, 2004",NYK vs. TOR,W,240,37,77,0.481,6,11,0.545,28,31,0.903,11,36,47,15,7,3,12,21,108,0
1610612752,0020301027,"MAR 24, 2004",NYK vs. MEM,L,240,33,76,0.434,4,14,0.286,27,32,0.844,11,31,42,15,8,5,19,28,97,0
1610612752,0020301015,"MAR 22, 2004",NYK vs. ATL,W,240,38,85,0.447,4,12,0.333,16,18,0.889,16,33,49,20,9,1,17,25,96,0
1610612752,0020301000,"MAR 20, 2004",NYK @ CHI,L,240,32,83,0.386,3,11,0.273,14,24,0.583,15,28,43,24,7,1,13,22,81,0
1610612752,0020300988,"MAR 19, 2004",NYK vs. NJN,W,240,34,83,0.41,1,6,0.167,10,17,0.588,20,34,54,17,10,3,15,30,79,0
1610612752,0020300968,"MAR 16, 2004",NYK vs. WAS,W,265,43,99,0.434,3,10,0.3,25,33,0.758,23,27,50,23,14,2,13,31,114,0
1610612752,0020300958,"MAR 14, 2004",NYK @ MIL,W,240,39,80,0.488,5,6,0.833,20,26,0.769,12,26,38,29,9,8,9,23,103,0
1610612752,0020300938,"MAR 12, 2004",NYK @ PHI,L,290,35,94,0.372,3,10,0.3,21,27,0.778,13,31,44,22,13,5,10,33,94,0
1610612752,0020300919,"MAR 09, 2004",NYK vs. BOS,L,240,36,82,0.439,2,10,0.2,10,18,0.556,13,32,45,21,7,6,14,21,84,0
1610612752,0020300905,"MAR 07, 2004",NYK @ WAS,W,240,39,79,0.494,5,15,0.333,16,22,0.727,14,26,40,24,12,1,15,16,99,0
1610612752,0020300888,"MAR 05, 2004",NYK @ TOR,W,240,45,94,0.479,4,7,0.571,15,21,0.714,19,30,49,21,7,3,10,19,109,0
1610612752,0020300877,"MAR 03, 2004",NYK vs. PHI,W,240,34,79,0.43,3,11,0.273,17,22,0.773,19,33,52,15,12,4,18,24,88,0
1610612752,0020300860,"FEB 29, 2004",NYK @ DEN,L,240,41,84,0.488,7,14,0.5,7,11,0.636,11,29,40,29,14,4,26,28,96,0
1610612752,0020300846,"FEB 27, 2004",NYK @ LAC,L,240,31,73,0.425,2,11,0.182,30,33,0.909,10,29,39,18,9,4,12,23,94,0
1610612752,0020300832,"FEB 25, 2004",NYK @ PHX,L,240,38,84,0.452,4,13,0.308,15,17,0.882,4,22,26,21,6,3,8,21,95,0
1610612752,0020300823,"FEB 24, 2004",NYK @ SAC,L,240,42,88,0.477,3,8,0.375,12,12,1.0,13,28,41,24,9,3,13,20,99,0
1610612752,0020300802,"FEB 22, 2004",NYK vs. CLE,L,240,37,96,0.385,2,12,0.167,10,17,0.588,18,35,53,14,4,4,7,26,86,0
1610612752,0020300786,"FEB 20, 2004",NYK vs. UTA,L,240,24,63,0.381,4,11,0.364,26,38,0.684,10,20,30,15,10,9,17,26,78,0
1610612752,0020300763,"FEB 17, 2004",NYK vs. DET,W,240,36,83,0.434,3,10,0.3,17,17,1.0,17,32,49,21,5,6,17,18,92,0
1610612752,0020300754,"FEB 11, 2004",NYK @ NOH,L,240,36,78,0.462,7,15,0.467,19,24,0.792,12,34,46,23,6,4,20,17,98,0
1610612752,0020300746,"FEB 10, 2004",NYK @ DAL,L,240,36,86,0.419,5,13,0.385,13,19,0.684,15,33,48,20,2,6,13,17,90,0
1610612752,0020300732,"FEB 08, 2004",NYK vs. LAC,W,240,42,75,0.56,6,10,0.6,20,23,0.87,9,24,33,19,4,5,9,25,110,0
1610612752,0020300722,"FEB 07, 2004",NYK @ MIA,W,240,31,75,0.413,4,12,0.333,10,15,0.667,10,38,48,15,8,7,17,21,76,0
1610612752,0020300693,"FEB 03, 2004",NYK vs. IND,W,240,35,80,0.438,2,9,0.222,25,30,0.833,13,35,48,21,5,5,8,23,97,0
1610612752,0020300673,"JAN 31, 2004",NYK vs. PHX,W,240,40,88,0.455,11,22,0.5,19,25,0.76,14,37,51,27,1,10,13,20,110,0
1610612752,0020300663,"JAN 30, 2004",NYK @ BOS,W,240,34,79,0.43,4,11,0.364,20,21,0.952,14,33,47,19,10,8,25,25,92,0
1610612752,0020300641,"JAN 27, 2004",NYK vs. SAS,L,240,27,75,0.36,1,9,0.111,12,17,0.706,10,27,37,16,9,3,18,27,67,0
1610612752,0020300622,"JAN 24, 2004",NYK vs. MIA,L,240,31,75,0.413,1,10,0.1,14,16,0.875,11,22,33,21,8,2,12,21,77,0
1610612752,0020300611,"JAN 23, 2004",NYK @ ATL,W,240,33,63,0.524,9,13,0.692,21,28,0.75,9,28,37,16,7,4,14,20,96,0
1610612752,0020300602,"JAN 21, 2004",NYK @ HOU,L,240,29,73,0.397,3,10,0.3,10,15,0.667,7,29,36,22,6,2,16,19,71,0
1610612752,0020300579,"JAN 19, 2004",NYK vs. TOR,W,240,36,77,0.468,3,9,0.333,15,19,0.789,7,36,43,24,7,6,12,22,90,0
1610612752,0020300571,"JAN 17, 2004",NYK @ CHI,W,240,32,83,0.386,10,15,0.667,27,33,0.818,13,29,42,22,11,4,12,17,101,0
1610612752,0020300559,"JAN 16, 2004",NYK vs. SEA,W,240,43,82,0.524,7,14,0.5,15,18,0.833,10,39,49,28,8,4,18,22,108,0
1610612752,0020300545,"JAN 14, 2004",NYK vs. ORL,W,240,42,70,0.6,9,13,0.692,27,34,0.794,5,37,42,24,4,4,17,26,120,0
1610612752,0020300529,"JAN 12, 2004",NYK vs. DAL,L,265,48,93,0.516,10,26,0.385,15,17,0.882,11,34,45,24,3,4,15,23,121,0
1610612752,0020300518,"JAN 10, 2004",NYK vs. MIL,W,240,37,82,0.451,5,11,0.455,15,19,0.789,11,36,47,21,8,8,18,17,94,0
1610612752,0020300503,"JAN 08, 2004",NYK vs. HOU,L,240,26,78,0.333,8,17,0.471,19,27,0.704,11,29,40,15,5,2,17,21,79,0
1610612752,0020300485,"JAN 06, 2004",NYK @ CLE,L,240,35,85,0.412,8,18,0.444,18,21,0.857,14,24,38,26,9,7,16,26,96,0
1610612752,0020300474,"JAN 04, 2004",NYK vs. NJN,L,240,37,88,0.42,6,14,0.429,5,7,0.714,10,39,49,18,3,10,13,21,85,0
1610612752,0020300454,"JAN 02, 2004",NYK vs. CHI,L,240,39,83,0.47,5,15,0.333,16,20,0.8,12,26,38,25,10,8,14,24,99,0
1610612752,0020300441,"DEC 30, 2003",NYK vs. MIA,W,240,41,74,0.554,5,13,0.385,15,19,0.789,9,33,42,24,7,3,11,29,102,0
1610612752,0020300430,"DEC 29, 2003",NYK @ ORL,W,240,44,80,0.55,15,26,0.577,11,14,0.786,6,38,44,32,9,8,15,29,114,0
1610612752,0020300418,"DEC 27, 2003",NYK @ MIA,W,240,40,78,0.513,6,17,0.353,14,19,0.737,9,36,45,19,7,5,11,26,100,0
1610612752,0020300408,"DEC 26, 2003",NYK @ MEM,W,240,38,73,0.521,1,6,0.167,21,27,0.778,8,32,40,25,8,3,20,25,98,0
1610612752,0020300390,"DEC 23, 2003",NYK vs. MIN,L,240,32,80,0.4,6,18,0.333,22,23,0.957,19,28,47,23,5,5,13,24,92,0
1610612752,0020300371,"DEC 20, 2003",NYK vs. ATL,W,240,40,74,0.541,9,16,0.563,14,22,0.636,10,27,37,23,6,4,14,24,103,0
1610612752,0020300362,"DEC 19, 2003",NYK @ TOR,L,265,39,95,0.411,5,17,0.294,16,20,0.8,15,27,42,15,9,2,10,22,99,0
1610612752,0020300339,"DEC 16, 2003",NYK vs. GSW,L,240,29,77,0.377,4,15,0.267,24,32,0.75,13,32,45,12,3,6,16,20,86,0
1610612752,0020300331,"DEC 14, 2003",NYK vs. WAS,W,240,30,79,0.38,6,14,0.429,23,26,0.885,12,33,45,19,7,1,17,25,89,0
1610612752,0020300320,"DEC 13, 2003",NYK vs. DEN,W,240,35,75,0.467,3,8,0.375,22,29,0.759,10,31,41,25,7,10,17,20,95,0
1610612752,0020300304,"DEC 10, 2003",NYK @ UTA,L,240,28,79,0.354,7,19,0.368,10,16,0.625,15,22,37,15,10,5,17,25,73,0
1610612752,0020300298,"DEC 09, 2003",NYK @ LAL,L,240,36,85,0.424,5,19,0.263,13,17,0.765,15,37,52,16,5,2,21,30,90,0
1610612752,0020300278,"DEC 06, 2003",NYK @ GSW,L,240,41,72,0.569,2,9,0.222,8,11,0.727,6,26,32,28,9,2,20,21,92,0
1610612752,0020300268,"DEC 05, 2003",NYK @ POR,L,240,37,71,0.521,3,8,0.375,4,6,0.667,7,28,35,23,5,1,14,17,81,0
1610612752,0020300254,"DEC 03, 2003",NYK @ SEA,L,240,30,68,0.441,6,17,0.353,21,22,0.955,9,30,39,15,9,6,22,19,87,0
1610612752,0020300236,"DEC 01, 2003",NYK vs. DET,L,265,33,85,0.388,3,14,0.214,9,14,0.643,12,35,47,16,10,5,20,25,78,0
1610612752,0020300223,"NOV 29, 2003",NYK vs. NOH,W,240,31,76,0.408,3,21,0.143,14,23,0.609,8,40,48,15,12,8,12,18,79,0
1610612752,0020300209,"NOV 27, 2003",NYK @ IND,L,240,23,65,0.354,4,14,0.286,20,20,1.0,9,27,36,12,5,6,23,22,70,0
1610612752,0020300204,"NOV 26, 2003",NYK @ MIN,W,240,36,69,0.522,8,17,0.471,17,24,0.708,5,31,36,29,5,3,11,17,97,0
1610612752,0020300188,"NOV 24, 2003",NYK @ BOS,W,240,33,85,0.388,4,22,0.182,24,28,0.857,10,33,43,22,5,7,11,21,94,0
1610612752,0020300178,"NOV 22, 2003",NYK vs. PHI,W,240,40,79,0.506,10,20,0.5,9,9,1.0,11,31,42,26,11,8,20,22,99,0
1610612752,0020300167,"NOV 21, 2003",NYK @ DET,L,240,32,81,0.395,3,13,0.231,18,20,0.9,11,28,39,21,7,3,14,33,85,0
1610612752,0020300156,"NOV 19, 2003",NYK vs. LAL,L,240,36,84,0.429,5,19,0.263,6,6,1.0,7,34,41,17,4,3,20,34,83,0
1610612752,0020300140,"NOV 17, 2003",NYK vs. BOS,W,240,32,86,0.372,10,23,0.435,15,17,0.882,19,34,53,23,3,7,0,23,89,0
1610612752,0020300129,"NOV 15, 2003",NYK vs. IND,L,240,39,80,0.488,6,14,0.429,10,14,0.714,16,34,50,20,6,3,17,26,94,0
1610612752,0020300116,"NOV 14, 2003",NYK @ NJN,L,240,27,72,0.375,6,17,0.353,20,22,0.909,9,34,43,18,12,6,23,31,80,0
1610612752,0020300090,"NOV 10, 2003",NYK @ CLE,L,240,31,77,0.403,7,16,0.438,11,12,0.917,5,29,34,21,7,3,13,16,80,0
1610612752,0020300080,"NOV 08, 2003",NYK @ MIL,L,240,33,79,0.418,9,20,0.45,12,14,0.857,6,33,39,17,8,5,0,21,87,0
1610612752,0020300067,"NOV 07, 2003",NYK vs. SAC,W,240,39,80,0.488,8,18,0.444,28,32,0.875,15,32,47,25,4,5,0,23,114,0
1610612752,0020300055,"NOV 05, 2003",NYK vs. MIL,L,240,37,84,0.44,6,21,0.286,10,15,0.667,15,30,45,24,7,4,0,23,90,0
1610612752,0020300041,"NOV 03, 2003",NYK @ ORL,W,240,29,72,0.403,1,12,0.083,16,17,0.941,7,42,49,23,8,10,20,20,75,0
1610612752,0020300035,"NOV 01, 2003",NYK @ SAS,L,240,29,71,0.408,1,13,0.077,15,16,0.938,8,29,37,20,5,4,0,29,74,0
1610612752,0020300005,"OCT 29, 2003",NYK vs. ORL,L,265,32,80,0.4,5,16,0.313,14,17,0.824,8,40,48,20,8,6,26,22,83,0
