Team_ID,Game_ID,GAME_DATE,MATCHUP,WL,MIN,FGM,FGA,FG_PCT,FG3M,FG3A,FG3_PCT,FTM,FTA,FT_PCT,OREB,DREB,REB,AST,STL,BLK,TOV,PF,PTS,VIDEO_AVAILABLE
1610612740,0020601230,"APR 18, 2007",NOK @ LAC,W,240,35,81,0.432,5,18,0.278,11,11,1.0,13,21,34,21,7,4,10,17,86,0
1610612740,0020601210,"APR 16, 2007",NOK @ SAC,W,240,48,86,0.558,9,21,0.429,20,22,0.909,7,35,42,28,5,4,11,23,125,0
1610612740,0020601191,"APR 14, 2007",NOK @ HOU,L,240,45,83,0.542,5,17,0.294,17,20,0.85,10,23,33,26,5,3,13,16,112,0
1610612740,0020601180,"APR 13, 2007",NOK vs. DEN,L,240,43,92,0.467,6,25,0.24,13,16,0.813,17,30,47,16,5,5,11,16,105,0
1610612740,0020601162,"APR 10, 2007",NOK vs. LAC,W,265,37,82,0.451,6,22,0.273,23,30,0.767,8,34,42,20,7,2,8,20,103,0
1610612740,0020601138,"APR 07, 2007",NOK @ MIN,W,240,30,91,0.33,8,30,0.267,28,38,0.737,17,30,47,18,7,4,9,17,96,0
1610612740,0020601128,"APR 06, 2007",NOK vs. PHX,L,240,38,80,0.475,7,17,0.412,12,13,0.923,5,28,33,22,6,4,14,19,95,0
1610612740,0020601114,"APR 04, 2007",NOK vs. SEA,W,265,38,87,0.437,8,20,0.4,17,19,0.895,16,39,55,23,5,4,17,15,101,0
1610612740,0020600547,"APR 03, 2007",NOK @ MIL,W,240,42,77,0.545,9,20,0.45,26,31,0.839,12,35,47,29,6,5,19,12,119,0
1610612740,0020601086,"MAR 31, 2007",NOK vs. NYK,W,265,35,78,0.449,9,20,0.45,24,35,0.686,9,31,40,19,10,3,10,17,103,0
1610612740,0020601064,"MAR 28, 2007",NOK @ SAS,L,240,31,66,0.47,8,13,0.615,18,20,0.9,4,34,38,15,6,6,19,18,88,0
1610612740,0020601055,"MAR 27, 2007",NOK vs. DAL,L,240,34,81,0.42,7,15,0.467,14,18,0.778,16,21,37,14,8,5,16,17,89,0
1610612740,0020601039,"MAR 25, 2007",NOK vs. HOU,W,240,42,85,0.494,6,13,0.462,16,18,0.889,9,34,43,14,1,5,7,9,106,0
1610612740,0020601027,"MAR 23, 2007",NOK vs. LAL,L,240,38,92,0.413,7,19,0.368,22,29,0.759,15,36,51,22,6,3,10,17,105,0
1610612740,0020601001,"MAR 20, 2007",NOK @ MEM,W,240,42,70,0.6,7,14,0.5,23,26,0.885,8,22,30,23,7,5,17,18,114,0
1610612740,0020600996,"MAR 19, 2007",NOK vs. BOS,W,240,40,76,0.526,10,17,0.588,16,24,0.667,8,29,37,19,8,5,16,18,106,0
1610612740,0020600979,"MAR 17, 2007",NOK @ WAS,L,240,39,80,0.488,5,19,0.263,20,22,0.909,8,24,32,23,5,2,14,19,103,0
1610612740,0020600973,"MAR 16, 2007",NOK @ NYK,W,240,31,73,0.425,9,16,0.563,21,27,0.778,18,25,43,16,5,3,17,16,92,0
1610612740,0020600951,"MAR 13, 2007",NOK vs. NJN,L,240,40,86,0.465,9,16,0.563,19,27,0.704,19,23,42,23,9,2,14,22,108,0
1610612740,0020600933,"MAR 10, 2007",NOK @ UTA,L,240,33,73,0.452,6,19,0.316,14,19,0.737,6,26,32,24,7,8,15,19,86,0
1610612740,0020600925,"MAR 09, 2007",NOK @ PHX,L,240,41,85,0.482,9,25,0.36,12,13,0.923,10,35,45,20,5,3,10,13,103,0
1610612740,0020600904,"MAR 06, 2007",NOK @ DEN,L,240,36,92,0.391,7,18,0.389,12,19,0.632,17,29,46,20,7,8,13,18,91,0
1610612740,0020600891,"MAR 04, 2007",NOK vs. UTA,L,240,38,85,0.447,4,16,0.25,14,21,0.667,13,24,37,21,6,2,8,29,94,0
1610612740,0020600875,"MAR 02, 2007",NOK @ CHI,L,240,32,81,0.395,6,17,0.353,23,28,0.821,12,25,37,19,6,4,16,18,93,0
1610612740,0020600859,"FEB 28, 2007",NOK vs. ATL,W,240,36,83,0.434,5,8,0.625,30,38,0.789,14,32,46,23,8,5,9,14,107,0
1610612740,0020600850,"FEB 27, 2007",NOK @ CLE,L,240,39,82,0.476,1,9,0.111,10,15,0.667,12,32,44,20,6,6,16,19,89,0
1610612740,0020600821,"FEB 23, 2007",NOK vs. SEA,W,240,36,97,0.371,4,21,0.19,22,29,0.759,26,30,56,20,13,6,8,15,98,0
1610612740,0020600804,"FEB 21, 2007",NOK @ NJN,W,240,36,71,0.507,4,12,0.333,35,41,0.854,8,30,38,22,8,1,11,25,111,0
1610612740,0020600791,"FEB 20, 2007",NOK @ CHA,L,240,38,83,0.458,6,13,0.462,18,25,0.72,13,34,47,16,3,5,14,20,100,0
1610612740,0020600782,"FEB 14, 2007",NOK vs. SAC,W,240,45,78,0.577,6,14,0.429,14,21,0.667,9,36,45,23,5,7,16,23,110,0
1610612740,0020600771,"FEB 13, 2007",NOK @ MEM,L,240,41,103,0.398,6,19,0.316,16,27,0.593,24,34,58,21,10,5,16,28,104,0
1610612740,0020600751,"FEB 10, 2007",NOK vs. MEM,W,240,48,86,0.558,5,10,0.5,13,22,0.591,11,36,47,26,5,5,8,19,114,0
1610612740,0020600736,"FEB 08, 2007",NOK vs. MIL,W,290,39,105,0.371,5,20,0.25,26,35,0.743,31,40,71,22,8,6,22,22,109,0
1610612740,0020600734,"FEB 07, 2007",NOK @ DEN,W,265,46,106,0.434,6,14,0.429,16,25,0.64,21,36,57,18,7,5,12,21,114,0
1610612740,0020600719,"FEB 05, 2007",NOK @ SAC,L,240,39,92,0.424,5,15,0.333,16,24,0.667,13,28,41,17,9,4,11,17,99,0
1610612740,0020600704,"FEB 03, 2007",NOK @ HOU,W,240,29,72,0.403,10,20,0.5,19,23,0.826,10,39,49,22,7,2,15,19,87,0
1610612740,0020600696,"FEB 02, 2007",NOK vs. MIN,W,240,37,85,0.435,2,10,0.2,14,21,0.667,16,34,50,13,8,9,7,19,90,0
1610612740,0020600681,"JAN 31, 2007",NOK vs. PHI,L,240,35,89,0.393,3,11,0.273,5,8,0.625,13,27,40,15,3,3,5,19,78,0
1610612740,0020600663,"JAN 29, 2007",NOK vs. POR,W,240,38,78,0.487,5,10,0.5,22,27,0.815,13,33,46,20,5,5,8,17,103,0
1610612740,0020600649,"JAN 27, 2007",NOK vs. UTA,W,240,32,68,0.471,5,12,0.417,25,29,0.862,8,32,40,17,5,11,15,24,94,0
1610612740,0020600639,"JAN 26, 2007",NOK vs. SAC,W,240,36,81,0.444,5,13,0.385,11,17,0.647,8,37,45,24,5,10,12,21,88,0
1610612740,0020600621,"JAN 24, 2007",NOK @ TOR,L,240,35,83,0.422,7,17,0.412,11,14,0.786,11,38,49,17,3,6,13,22,88,0
1610612740,0020600615,"JAN 23, 2007",NOK @ PHI,L,240,35,83,0.422,5,17,0.294,21,28,0.75,17,25,42,14,9,5,15,20,96,0
1610612740,0020600598,"JAN 20, 2007",NOK vs. LAL,W,240,41,85,0.482,8,18,0.444,23,29,0.793,17,29,46,20,7,7,9,20,113,0
1610612740,0020600587,"JAN 19, 2007",NOK @ SAS,L,240,34,83,0.41,5,11,0.455,13,20,0.65,10,29,39,14,6,3,14,24,86,0
1610612740,0020600565,"JAN 16, 2007",NOK vs. ORL,W,265,30,80,0.375,4,17,0.235,20,23,0.87,11,37,48,11,6,5,16,19,84,0
1610612740,0020600536,"JAN 12, 2007",NOK vs. WAS,W,240,42,77,0.545,8,16,0.5,12,14,0.857,12,25,37,23,5,2,21,19,104,0
1610612740,0020600517,"JAN 10, 2007",NOK @ ATL,W,240,34,65,0.523,9,16,0.563,19,26,0.731,3,38,41,20,5,4,21,15,96,0
1610612740,0020600505,"JAN 08, 2007",NOK vs. LAC,L,240,33,75,0.44,4,14,0.286,20,24,0.833,9,25,34,24,7,2,15,21,90,0
1610612740,0020600493,"JAN 06, 2007",NOK vs. IND,L,240,33,72,0.458,5,13,0.385,22,30,0.733,11,26,37,18,6,4,14,29,93,0
1610612740,0020600476,"JAN 04, 2007",NOK vs. DET,L,240,29,88,0.33,4,14,0.286,6,9,0.667,14,31,45,13,6,3,13,20,68,0
1610612740,0020600462,"JAN 02, 2007",NOK vs. GSW,L,240,36,76,0.474,6,17,0.353,11,15,0.733,7,42,49,18,3,4,16,20,89,0
1610612740,0020600448,"DEC 30, 2006",NOK @ DAL,L,240,28,69,0.406,2,10,0.2,22,29,0.759,8,35,43,13,4,1,15,25,80,0
1610612740,0020600435,"DEC 29, 2006",NOK vs. DEN,W,240,38,81,0.469,5,10,0.5,18,23,0.783,6,41,47,25,8,6,17,20,99,0
1610612740,0020600424,"DEC 27, 2006",NOK @ POR,L,240,31,77,0.403,4,13,0.308,19,26,0.731,14,27,41,16,3,8,10,22,85,0
1610612740,0020600413,"DEC 26, 2006",NOK @ SEA,L,240,37,81,0.457,5,20,0.25,15,28,0.536,11,29,40,23,5,2,13,12,94,0
1610612740,0020600398,"DEC 23, 2006",NOK vs. SAS,L,240,31,83,0.373,5,11,0.455,10,10,1.0,15,25,40,11,7,1,16,16,77,0
1610612740,0020600385,"DEC 22, 2006",NOK vs. MEM,W,265,37,84,0.44,6,18,0.333,20,29,0.69,19,38,57,20,6,3,14,23,100,0
1610612740,0020600366,"DEC 20, 2006",NOK @ ORL,L,240,24,65,0.369,6,9,0.667,29,38,0.763,14,24,38,12,10,5,19,24,83,0
1610612740,0020600358,"DEC 18, 2006",NOK @ MIA,L,240,39,79,0.494,7,14,0.5,14,19,0.737,11,22,33,16,6,4,15,23,99,0
1610612740,0020600347,"DEC 16, 2006",NOK vs. DAL,L,240,34,83,0.41,3,10,0.3,8,13,0.615,5,34,39,16,6,4,7,15,79,0
1610612740,0020600327,"DEC 14, 2006",NOK vs. SAS,L,240,32,79,0.405,2,7,0.286,11,17,0.647,10,23,33,17,6,1,14,16,77,0
1610612740,0020600305,"DEC 11, 2006",NOK vs. CLE,W,240,40,73,0.548,1,12,0.083,14,20,0.7,8,28,36,21,5,5,7,14,95,0
1610612740,0020600294,"DEC 09, 2006",NOK @ GSW,L,240,30,70,0.429,4,18,0.222,16,24,0.667,7,31,38,18,8,3,18,21,80,0
1610612740,0020600285,"DEC 08, 2006",NOK @ SEA,L,240,28,72,0.389,3,13,0.231,15,26,0.577,11,29,40,13,5,2,26,21,74,0
1610612740,0020600270,"DEC 06, 2006",NOK @ LAL,W,240,44,92,0.478,6,15,0.4,11,17,0.647,20,29,49,20,8,3,15,21,105,0
1610612740,0020600228,"DEC 01, 2006",NOK vs. CHI,L,240,36,78,0.462,9,18,0.5,27,40,0.675,11,33,44,25,7,6,18,22,108,0
1610612740,0020600206,"NOV 28, 2006",NOK vs. TOR,L,240,32,77,0.416,3,12,0.25,10,18,0.556,13,28,41,16,8,3,15,18,77,0
1610612740,0020600191,"NOV 25, 2006",NOK @ DAL,L,240,28,78,0.359,3,10,0.3,14,26,0.538,14,35,49,8,10,5,18,30,73,0
1610612740,0020600178,"NOV 24, 2006",NOK vs. MIN,L,240,27,80,0.338,3,17,0.176,22,26,0.846,9,33,42,13,7,5,8,19,79,0
1610612740,0020600166,"NOV 22, 2006",NOK @ PHX,L,240,34,85,0.4,1,14,0.071,14,19,0.737,13,27,40,7,10,1,11,17,83,0
1610612740,0020600154,"NOV 21, 2006",NOK vs. MIA,W,240,37,88,0.42,11,19,0.579,16,32,0.5,14,38,52,25,8,4,11,18,101,0
1610612740,0020600135,"NOV 18, 2006",NOK @ MIN,W,240,39,81,0.481,4,10,0.4,17,20,0.85,10,27,37,17,5,3,14,22,99,0
1610612740,0020600113,"NOV 15, 2006",NOK @ DET,W,240,38,86,0.442,4,12,0.333,20,23,0.87,19,25,44,18,4,3,6,20,100,0
1610612740,0020600102,"NOV 14, 2006",NOK vs. CHA,W,240,35,86,0.407,7,16,0.438,17,26,0.654,12,32,44,15,10,6,10,21,94,0
1610612740,0020600090,"NOV 12, 2006",NOK @ LAC,L,240,31,68,0.456,2,13,0.154,12,19,0.632,10,28,38,13,7,5,23,22,76,0
1610612740,0020600080,"NOV 10, 2006",NOK @ POR,L,240,36,83,0.434,5,18,0.278,14,16,0.875,13,31,44,19,3,3,14,24,91,0
1610612740,0020600071,"NOV 09, 2006",NOK @ GSW,L,240,41,81,0.506,5,13,0.385,29,39,0.744,20,25,45,22,4,3,19,27,116,0
1610612740,0020600056,"NOV 07, 2006",NOK vs. GSW,W,240,38,89,0.427,6,15,0.4,15,18,0.833,21,31,52,19,5,2,15,17,97,0
1610612740,0020600043,"NOV 05, 2006",NOK vs. HOU,W,240,33,70,0.471,9,16,0.563,21,35,0.6,9,26,35,20,12,3,15,23,96,0
1610612740,0020600020,"NOV 03, 2006",NOK @ IND,W,240,37,84,0.44,3,14,0.214,23,27,0.852,19,34,53,16,2,4,15,22,100,0
1610612740,0020600006,"NOV 01, 2006",NOK @ BOS,W,240,36,84,0.429,1,11,0.091,18,33,0.545,10,36,46,17,6,4,15,31,91,0
