Team_ID,Game_ID,GAME_DATE,MATCHUP,WL,MIN,FGM,FGA,FG_PCT,FG3M,FG3A,FG3_PCT,FTM,FTA,FT_PCT,OREB,DREB,REB,AST,STL,BLK,TOV,PF,PTS,VIDEO_AVAILABLE
1610612756,0049900059,"MAY 16, 2000",PHX @ LAL,L,240,23,80,0.288,4,18,0.222,15,21,0.714,12,31,43,15,9,4,15,28,65,0
1610612756,0049900058,"MAY 14, 2000",PHX vs. LAL,W,240,45,86,0.523,10,21,0.476,17,27,0.63,16,28,44,31,7,4,15,33,117,0
1610612756,0049900057,"MAY 12, 2000",PHX vs. LAL,L,240,35,77,0.455,4,19,0.211,25,34,0.735,10,30,40,22,6,2,9,34,99,0
1610612756,0049900056,"MAY 10, 2000",PHX @ LAL,L,240,37,85,0.435,5,16,0.313,17,22,0.773,17,26,43,20,8,1,12,26,96,0
1610612756,0049900055,"MAY 07, 2000",PHX @ LAL,L,240,28,77,0.364,3,18,0.167,18,27,0.667,14,28,42,18,6,6,23,25,77,0
1610612756,0049900030,"MAY 02, 2000",PHX vs. SAS,W,240,37,80,0.463,3,12,0.25,12,19,0.632,12,37,49,25,9,8,17,27,89,0
1610612756,0049900019,"APR 29, 2000",PHX vs. SAS,W,240,38,87,0.437,7,15,0.467,18,24,0.75,20,30,50,29,11,10,14,28,101,0
1610612756,0049900012,"APR 25, 2000",PHX @ SAS,L,240,28,86,0.326,3,18,0.167,11,19,0.579,14,32,46,9,7,11,14,26,70,0
1610612756,0049900002,"APR 22, 2000",PHX @ SAS,W,240,30,82,0.366,3,14,0.214,9,10,0.9,10,37,47,20,10,10,14,20,72,0
