Team_ID,Game_ID,GAME_DATE,MATCHUP,WL,MIN,FGM,FGA,FG_PCT,FG3M,FG3A,FG3_PCT,FTM,FTA,FT_PCT,OREB,DREB,REB,AST,STL,BLK,TOV,PF,PTS,VIDEO_AVAILABLE
1610612740,0040100205,"MAY 15, 2002",CHH @ NJN,L,240,31,78,0.397,5,15,0.333,28,42,0.667,16,30,46,17,6,3,16,36,95,0
1610612740,0040100204,"MAY 12, 2002",CHH vs. NJN,L,240,27,73,0.37,4,21,0.19,21,33,0.636,7,33,40,19,12,13,13,27,79,0
1610612740,0040100203,"MAY 09, 2002",CHH vs. NJN,W,240,41,75,0.547,4,10,0.4,29,37,0.784,13,32,45,25,11,8,15,26,115,0
1610612740,0040100202,"MAY 07, 2002",CHH @ NJN,L,240,34,82,0.415,5,13,0.385,15,26,0.577,17,27,44,14,5,9,14,27,88,0
1610612740,0040100201,"MAY 05, 2002",CHH @ NJN,L,240,36,92,0.391,5,12,0.417,16,19,0.842,16,25,41,21,13,9,15,28,93,0
1610612740,0040100134,"APR 30, 2002",CHH @ ORL,W,240,36,77,0.468,5,9,0.556,25,33,0.758,15,36,51,20,10,5,13,25,102,0
1610612740,0040100133,"APR 27, 2002",CHH @ ORL,W,265,39,89,0.438,4,10,0.4,28,36,0.778,16,36,52,20,8,4,11,29,110,0
1610612740,0040100132,"APR 23, 2002",CHH vs. ORL,L,265,34,80,0.425,3,10,0.3,32,42,0.762,12,34,46,22,9,6,13,28,103,0
1610612740,0040100131,"APR 20, 2002",CHH vs. ORL,W,240,29,83,0.349,5,10,0.5,17,23,0.739,20,31,51,18,6,9,13,21,80,0
