Team_ID,Game_ID,GAME_DATE,MATCHUP,WL,MIN,FGM,FGA,FG_PCT,FG3M,FG3A,FG3_PCT,FTM,FTA,FT_PCT,OREB,DREB,REB,AST,STL,BLK,TOV,PF,PTS,VIDEO_AVAILABLE
1610612740,0049700057,"MAY 13, 1998",CHH @ CHI,L,240,35,71,0.493,5,12,0.417,9,10,0.9,5,26,31,22,3,5,14,22,84,0
1610612740,0049700055,"MAY 10, 1998",CHH vs. CHI,L,240,34,75,0.453,3,11,0.273,9,13,0.692,11,26,37,19,6,3,14,18,80,0
1610612740,0049700049,"MAY 08, 1998",CHH vs. CHI,L,240,37,84,0.44,2,15,0.133,13,18,0.722,14,21,35,21,8,3,12,29,89,0
1610612740,0049700045,"MAY 06, 1998",CHH @ CHI,W,240,30,75,0.4,3,9,0.333,15,18,0.833,10,34,44,17,6,1,10,17,78,0
1610612740,0049700041,"MAY 03, 1998",CHH @ CHI,L,240,24,67,0.358,5,18,0.278,17,23,0.739,10,27,37,23,7,2,16,23,70,0
1610612740,0049700031,"MAY 01, 1998",CHH @ ATL,W,240,39,74,0.527,2,7,0.286,11,24,0.458,10,33,43,22,11,1,10,17,91,0
1610612740,0049700020,"APR 28, 1998",CHH @ ATL,L,240,25,73,0.342,4,15,0.267,10,16,0.625,9,24,33,18,9,3,14,23,64,0
1610612740,0049700011,"APR 25, 1998",CHH vs. ATL,W,240,34,69,0.493,2,5,0.4,22,32,0.688,9,29,38,20,4,3,10,24,92,0
1610612740,0049700001,"APR 23, 1998",CHH vs. ATL,W,240,40,68,0.588,6,8,0.75,11,17,0.647,4,23,27,29,4,4,16,21,97,0
