Team_ID,Game_ID,GAME_DATE,MATCHUP,WL,MIN,FGM,FGA,FG_PCT,FG3M,FG3A,FG3_PCT,FTM,FTA,FT_PCT,OREB,DREB,REB,AST,STL,BLK,TOV,PF,PTS,VIDEO_AVAILABLE
1610612737,0049800056,"MAY 24, 1999",ATL @ NYK,L,240,23,78,0.295,2,12,0.167,18,21,0.857,11,27,38,14,12,2,15,22,66,0
1610612737,0049800053,"MAY 23, 1999",ATL @ NYK,L,240,27,87,0.31,2,11,0.182,22,24,0.917,20,30,50,10,4,6,10,18,78,0
1610612737,0049800047,"MAY 20, 1999",ATL vs. NYK,L,240,24,81,0.296,2,19,0.105,20,29,0.69,18,31,49,7,11,1,17,27,70,0
1610612737,0049800043,"MAY 18, 1999",ATL vs. NYK,L,240,27,74,0.365,9,22,0.409,29,37,0.784,9,23,32,13,9,4,9,22,92,0
1610612737,0049800035,"MAY 16, 1999",ATL vs. DET,W,240,31,65,0.477,4,12,0.333,21,29,0.724,11,31,42,18,6,2,13,15,87,0
1610612737,0049800026,"MAY 14, 1999",ATL @ DET,L,240,28,66,0.424,9,19,0.474,17,23,0.739,11,22,33,15,4,2,20,20,82,0
1610612737,0049800017,"MAY 12, 1999",ATL @ DET,L,240,24,64,0.375,5,17,0.294,10,17,0.588,8,21,29,15,4,7,14,22,63,0
1610612737,0049800010,"MAY 10, 1999",ATL vs. DET,W,240,37,79,0.468,4,12,0.333,11,13,0.846,12,29,41,15,10,4,12,15,89,0
1610612737,0049800004,"MAY 08, 1999",ATL vs. DET,W,240,36,77,0.468,6,14,0.429,12,15,0.8,8,28,36,18,13,8,10,14,90,0
