Team_ID,Game_ID,GAME_DATE,MATCHUP,WL,MIN,FGM,FGA,FG_PCT,FG3M,FG3A,FG3_PCT,FTM,FTA,FT_PCT,OREB,DREB,REB,AST,STL,BLK,TOV,PF,PTS,VIDEO_AVAILABLE
1610612747,0049600057,"MAY 12, 1997",LAL @ UTA,L,265,32,83,0.386,4,19,0.211,25,31,0.806,15,28,43,14,7,10,7,3,93,0
1610612747,0049600052,"MAY 10, 1997",LAL vs. UTA,L,240,29,64,0.453,7,18,0.389,30,41,0.732,5,25,30,23,7,9,12,30,95,0
1610612747,0049600048,"MAY 08, 1997",LAL vs. UTA,W,240,35,72,0.486,0,12,0.0,34,42,0.81,10,37,47,20,6,11,16,33,104,0
1610612747,0049600044,"MAY 06, 1997",LAL @ UTA,L,240,36,73,0.493,11,18,0.611,18,26,0.692,15,18,33,24,4,5,15,24,101,0
1610612747,0049600041,"MAY 04, 1997",LAL @ UTA,L,240,27,79,0.342,8,21,0.381,15,21,0.714,11,29,40,16,9,5,15,0,77,0
1610612747,0049600032,"MAY 02, 1997",LAL @ POR,W,240,28,69,0.406,1,11,0.091,38,44,0.864,15,23,38,16,9,5,12,25,95,0
1610612747,0049600024,"APR 30, 1997",LAL @ POR,L,240,30,72,0.417,4,16,0.25,26,42,0.619,16,30,46,18,5,5,19,26,90,0
1610612747,0049600013,"APR 27, 1997",LAL vs. POR,W,240,36,62,0.581,6,13,0.462,29,38,0.763,5,27,32,26,8,9,10,19,107,0
1610612747,0049600008,"APR 25, 1997",LAL vs. POR,W,240,37,75,0.493,3,9,0.333,18,30,0.6,9,32,41,28,6,5,8,24,95,0
