Team_ID,Game_ID,GAME_DATE,MATCHUP,WL,MIN,FGM,FGA,FG_PCT,FG3M,FG3A,FG3_PCT,FTM,FTA,FT_PCT,OREB,DREB,REB,AST,STL,BLK,TOV,PF,PTS,VIDEO_AVAILABLE
1610612752,0021001216,"APR 13, 2011",NYK @ BOS,L,240,39,85,0.459,7,23,0.304,17,21,0.81,12,25,37,22,8,5,16,16,102,0
1610612752,0021001213,"APR 12, 2011",NYK vs. CHI,L,240,34,83,0.41,8,31,0.258,14,17,0.824,5,28,33,19,10,5,11,20,90,0
1610612752,0021001198,"APR 10, 2011",NYK @ IND,W,240,31,80,0.388,12,38,0.316,36,43,0.837,7,35,42,18,10,9,11,26,110,0
1610612752,0021001177,"APR 08, 2011",NYK @ NJN,W,240,43,87,0.494,15,36,0.417,15,19,0.789,11,37,48,27,10,4,16,18,116,0
1610612752,0021001165,"APR 06, 2011",NYK @ PHI,W,240,36,87,0.414,11,31,0.355,14,19,0.737,15,33,48,21,3,9,6,19,97,0
1610612752,0021001155,"APR 05, 2011",NYK vs. TOR,W,240,45,78,0.577,15,27,0.556,26,34,0.765,7,27,34,31,10,5,13,20,131,0
1610612752,0021001143,"APR 03, 2011",NYK vs. CLE,W,240,41,85,0.482,10,24,0.417,31,33,0.939,10,26,36,23,13,5,10,19,123,0
1610612752,0021001111,"MAR 30, 2011",NYK vs. NJN,W,240,46,92,0.5,7,23,0.304,21,26,0.808,10,29,39,24,8,3,5,25,120,0
1610612752,0021000051,"MAR 28, 2011",NYK vs. ORL,W,265,35,81,0.432,12,35,0.343,31,41,0.756,11,32,43,16,10,1,14,31,113,0
1610612752,0021001082,"MAR 26, 2011",NYK @ CHA,L,240,35,88,0.398,6,28,0.214,30,35,0.857,10,29,39,18,3,11,7,24,106,0
1610612752,0021001073,"MAR 25, 2011",NYK vs. MIL,L,240,36,90,0.4,4,19,0.211,20,23,0.87,15,25,40,13,4,3,10,19,96,0
1610612752,0021001059,"MAR 23, 2011",NYK vs. ORL,L,240,34,84,0.405,12,28,0.429,19,24,0.792,11,24,35,20,6,5,11,22,99,0
1610612752,0021001046,"MAR 21, 2011",NYK vs. BOS,L,240,30,74,0.405,7,22,0.318,19,25,0.76,9,29,38,20,6,6,13,23,86,0
1610612752,0021001037,"MAR 20, 2011",NYK @ MIL,L,240,34,88,0.386,9,22,0.409,18,22,0.818,9,30,39,22,5,1,6,26,95,0
1610612752,0021001021,"MAR 18, 2011",NYK @ DET,L,240,37,81,0.457,12,31,0.387,9,11,0.818,13,29,42,23,6,4,18,17,95,0
1610612752,0021001015,"MAR 17, 2011",NYK vs. MEM,W,240,41,79,0.519,20,36,0.556,18,21,0.857,6,29,35,25,5,3,10,20,120,0
1610612752,0021001000,"MAR 15, 2011",NYK @ IND,L,240,40,89,0.449,13,27,0.481,24,30,0.8,12,29,41,21,9,5,13,24,117,0
1610612752,0021000989,"MAR 13, 2011",NYK vs. IND,L,240,30,82,0.366,7,30,0.233,26,34,0.765,15,29,44,11,4,3,15,25,93,0
1610612752,0021000965,"MAR 10, 2011",NYK @ DAL,L,240,34,80,0.425,6,18,0.333,35,37,0.946,11,26,37,19,6,6,12,22,109,0
1610612752,0021000958,"MAR 09, 2011",NYK @ MEM,W,240,47,88,0.534,12,23,0.522,4,4,1.0,10,20,30,31,7,5,16,25,110,0
1610612752,0021000942,"MAR 07, 2011",NYK vs. UTA,W,240,46,82,0.561,13,26,0.5,26,29,0.897,9,26,35,32,10,5,15,23,131,0
1610612752,0021000933,"MAR 06, 2011",NYK @ ATL,W,240,36,77,0.468,10,23,0.435,10,15,0.667,7,31,38,23,12,4,13,13,92,0
1610612752,0021000919,"MAR 04, 2011",NYK vs. CLE,L,240,42,77,0.545,8,18,0.444,23,30,0.767,13,26,39,13,4,9,16,28,115,0
1610612752,0021000907,"MAR 02, 2011",NYK vs. NOH,W,240,42,77,0.545,10,22,0.455,13,20,0.65,9,32,41,28,6,2,16,22,107,0
1610612752,0021000895,"MAR 01, 2011",NYK @ ORL,L,240,32,86,0.372,7,30,0.233,39,47,0.83,11,27,38,15,9,2,8,29,110,0
1610612752,0021000887,"FEB 27, 2011",NYK @ MIA,W,240,31,80,0.388,8,30,0.267,21,23,0.913,8,35,43,17,6,5,16,20,91,0
1610612752,0021000865,"FEB 25, 2011",NYK @ CLE,L,240,39,93,0.419,9,22,0.409,22,29,0.759,13,29,42,22,8,9,13,29,109,0
1610612752,0021000852,"FEB 23, 2011",NYK vs. MIL,W,240,40,80,0.5,8,22,0.364,26,28,0.929,8,35,43,20,9,3,17,26,114,0
1610612752,0021000829,"FEB 16, 2011",NYK vs. ATL,W,240,38,79,0.481,9,23,0.391,17,21,0.81,6,38,44,25,7,7,12,11,102,0
1610612752,0021000797,"FEB 12, 2011",NYK @ NJN,W,240,37,86,0.43,16,34,0.471,15,18,0.833,9,36,45,25,10,8,12,26,105,0
1610612752,0021000793,"FEB 11, 2011",NYK vs. LAL,L,240,35,85,0.412,5,20,0.25,21,24,0.875,13,31,44,22,9,2,18,22,96,0
1610612752,0021000779,"FEB 09, 2011",NYK vs. LAC,L,240,40,81,0.494,6,26,0.231,22,23,0.957,12,22,34,21,8,4,15,16,108,0
1610612752,0021000756,"FEB 06, 2011",NYK vs. PHI,W,240,46,77,0.597,11,27,0.407,14,17,0.824,10,29,39,27,7,7,17,19,117,0
1610612752,0021000735,"FEB 04, 2011",NYK @ PHI,L,240,35,87,0.402,8,27,0.296,20,26,0.769,14,34,48,17,4,5,13,16,98,0
1610612752,0021000723,"FEB 02, 2011",NYK vs. DAL,L,240,37,88,0.42,6,23,0.261,17,20,0.85,5,29,34,20,12,6,8,14,97,0
1610612752,0021000705,"JAN 30, 2011",NYK vs. DET,W,240,41,80,0.513,6,18,0.333,36,41,0.878,15,26,41,19,4,3,6,16,124,0
1610612752,0021000684,"JAN 28, 2011",NYK @ ATL,L,240,41,87,0.471,6,22,0.273,14,14,1.0,10,24,34,23,7,3,11,19,102,0
1610612752,0021000678,"JAN 27, 2011",NYK vs. MIA,W,240,30,83,0.361,10,33,0.303,23,28,0.821,14,31,45,24,9,1,11,22,93,0
1610612752,0021000657,"JAN 24, 2011",NYK vs. WAS,W,240,42,91,0.462,10,29,0.345,21,29,0.724,14,26,40,24,7,5,11,15,115,0
1610612752,0021000647,"JAN 22, 2011",NYK @ OKC,L,240,37,86,0.43,9,26,0.346,15,21,0.714,9,31,40,21,10,9,11,22,98,0
1610612752,0021000636,"JAN 21, 2011",NYK @ SAS,L,240,37,98,0.378,6,15,0.4,12,12,1.0,17,27,44,19,11,6,13,22,92,0
1610612752,0021000619,"JAN 19, 2011",NYK @ HOU,L,240,35,83,0.422,8,24,0.333,11,15,0.733,9,36,45,14,7,6,14,16,89,0
1610612752,0021000598,"JAN 17, 2011",NYK vs. PHX,L,240,45,92,0.489,11,31,0.355,20,25,0.8,10,28,38,25,6,6,11,24,121,0
1610612752,0021000580,"JAN 14, 2011",NYK vs. SAC,L,240,29,92,0.315,9,28,0.321,16,20,0.8,14,35,49,13,9,7,15,16,83,0
1610612752,0021000570,"JAN 12, 2011",NYK @ UTA,L,240,39,77,0.506,14,29,0.483,33,38,0.868,8,18,26,21,5,1,14,29,125,0
1610612752,0021000559,"JAN 11, 2011",NYK @ POR,W,240,42,83,0.506,5,12,0.417,11,15,0.733,9,31,40,27,10,5,12,21,100,0
1610612752,0021000550,"JAN 09, 2011",NYK @ LAL,L,240,31,86,0.36,8,25,0.32,17,25,0.68,7,35,42,21,9,11,12,24,87,0
1610612752,0021000533,"JAN 07, 2011",NYK @ PHX,W,240,46,92,0.5,17,33,0.515,12,18,0.667,14,45,59,24,6,4,18,22,121,0
1610612752,0021000506,"JAN 04, 2011",NYK vs. SAS,W,240,50,91,0.549,8,27,0.296,20,23,0.87,10,28,38,26,9,4,6,17,128,0
1610612752,0021000492,"JAN 02, 2011",NYK vs. IND,W,240,31,73,0.425,7,17,0.412,29,40,0.725,9,36,45,16,7,12,11,17,98,0
1610612752,0021000473,"DEC 30, 2010",NYK @ ORL,L,240,38,82,0.463,8,22,0.364,19,26,0.731,11,24,35,20,5,8,15,27,103,0
1610612752,0021000457,"DEC 28, 2010",NYK @ MIA,L,240,34,82,0.415,7,24,0.292,23,32,0.719,9,23,32,14,4,5,9,22,98,0
1610612752,0021000433,"DEC 25, 2010",NYK vs. CHI,W,240,42,79,0.532,12,22,0.545,7,12,0.583,6,38,44,25,12,10,24,16,103,0
1610612752,0021000425,"DEC 22, 2010",NYK vs. OKC,W,240,42,86,0.488,10,21,0.476,18,21,0.857,7,36,43,30,6,9,11,22,112,0
1610612752,0021000394,"DEC 18, 2010",NYK @ CLE,L,265,39,95,0.411,11,34,0.324,13,14,0.929,6,41,47,22,11,7,19,20,102,0
1610612752,0021000382,"DEC 17, 2010",NYK vs. MIA,L,240,35,89,0.393,8,24,0.333,13,23,0.565,13,28,41,24,7,3,13,14,91,0
1610612752,0021000368,"DEC 15, 2010",NYK vs. BOS,L,240,43,81,0.531,9,23,0.391,21,26,0.808,9,26,35,19,5,5,17,18,116,0
1610612752,0021000349,"DEC 12, 2010",NYK vs. DEN,W,240,46,88,0.523,13,30,0.433,24,26,0.923,8,25,33,30,6,7,6,23,129,0
1610612752,0021000332,"DEC 10, 2010",NYK @ WAS,W,240,34,75,0.453,7,18,0.389,26,30,0.867,8,33,41,19,9,6,20,21,101,0
1610612752,0021000318,"DEC 08, 2010",NYK vs. TOR,W,240,43,89,0.483,8,21,0.381,19,22,0.864,12,36,48,19,4,5,15,26,113,0
1610612752,0021000304,"DEC 06, 2010",NYK vs. MIN,W,240,45,85,0.529,13,30,0.433,18,23,0.783,9,23,32,25,9,6,10,22,121,0
1610612752,0021000295,"DEC 05, 2010",NYK @ TOR,W,240,43,88,0.489,12,27,0.444,18,21,0.857,13,29,42,22,10,2,11,13,116,0
1610612752,0021000282,"DEC 03, 2010",NYK @ NOH,W,240,39,83,0.47,13,30,0.433,9,12,0.75,6,33,39,27,8,4,14,19,100,0
1610612752,0021000257,"NOV 30, 2010",NYK vs. NJN,W,240,41,80,0.513,4,19,0.211,25,29,0.862,8,34,42,21,6,6,12,17,111,0
1610612752,0021000243,"NOV 28, 2010",NYK @ DET,W,290,41,88,0.466,15,38,0.395,28,34,0.824,13,35,48,31,7,3,18,25,125,0
1610612752,0021000234,"NOV 27, 2010",NYK vs. ATL,L,240,35,74,0.473,4,15,0.267,16,19,0.842,8,36,44,15,3,4,11,15,90,0
1610612752,0021000209,"NOV 24, 2010",NYK @ CHA,W,240,36,75,0.48,12,25,0.48,15,20,0.75,8,30,38,22,7,11,15,21,99,0
1610612752,0021000206,"NOV 23, 2010",NYK vs. CHA,W,240,38,73,0.521,10,25,0.4,24,25,0.96,5,26,31,18,10,9,20,20,110,0
1610612752,0021000190,"NOV 20, 2010",NYK @ LAC,W,240,35,76,0.461,11,24,0.458,43,51,0.843,11,21,32,22,13,6,11,26,124,0
1610612752,0021000181,"NOV 19, 2010",NYK @ GSW,W,240,44,77,0.571,10,23,0.435,27,32,0.844,12,31,43,31,7,7,18,16,125,0
1610612752,0021000167,"NOV 17, 2010",NYK @ SAC,W,240,37,71,0.521,6,15,0.4,33,39,0.846,10,27,37,14,7,5,18,17,113,0
1610612752,0021000157,"NOV 16, 2010",NYK @ DEN,L,240,43,98,0.439,9,31,0.29,23,33,0.697,15,36,51,24,4,12,11,33,118,0
1610612752,0021000142,"NOV 14, 2010",NYK vs. HOU,L,240,38,87,0.437,3,16,0.188,17,24,0.708,9,33,42,15,5,7,12,24,96,0
1610612752,0021000125,"NOV 12, 2010",NYK @ MIN,L,240,35,92,0.38,11,29,0.379,22,25,0.88,11,32,43,22,9,11,13,17,103,0
1610612752,0021000113,"NOV 10, 2010",NYK vs. GSW,L,240,36,77,0.468,7,31,0.226,38,43,0.884,9,32,41,17,10,4,20,25,117,0
1610612752,0021000104,"NOV 09, 2010",NYK @ MIL,L,240,28,74,0.378,5,19,0.263,19,21,0.905,9,25,34,19,6,6,20,29,80,0
1610612752,0021000089,"NOV 07, 2010",NYK vs. PHI,L,240,34,85,0.4,3,19,0.158,25,35,0.714,14,35,49,20,12,6,16,25,96,0
1610612752,0021000072,"NOV 05, 2010",NYK vs. WAS,W,240,44,87,0.506,12,29,0.414,12,18,0.667,13,28,41,23,11,11,18,21,112,0
1610612752,0021000066,"NOV 04, 2010",NYK @ CHI,W,240,40,80,0.5,16,24,0.667,24,29,0.828,10,28,38,27,12,6,17,25,120,0
1610612752,0021000033,"OCT 30, 2010",NYK vs. POR,L,240,37,88,0.42,7,28,0.25,14,25,0.56,18,33,51,16,8,6,17,24,95,0
1610612752,0021000023,"OCT 29, 2010",NYK @ BOS,L,240,37,85,0.435,9,27,0.333,18,27,0.667,9,29,38,24,8,9,10,20,101,0
1610612752,0021000007,"OCT 27, 2010",NYK @ TOR,W,240,38,88,0.432,7,24,0.292,15,17,0.882,13,36,49,12,4,10,15,23,98,0
