Team_ID,Game_ID,GAME_DATE,MATCHUP,WL,MIN,FGM,FGA,FG_PCT,FG3M,FG3A,FG3_PCT,FTM,FTA,FT_PCT,OREB,DREB,REB,AST,STL,BLK,TOV,PF,PTS,VIDEO_AVAILABLE
1610612744,0029601180,"APR 19, 1997",GSW vs. SAC,L,265,50,107,0.467,6,17,0.353,14,20,0.7,24,29,53,26,7,3,14,22,120,0
1610612744,0029601161,"APR 17, 1997",GSW @ UTA,L,240,34,84,0.405,4,15,0.267,21,26,0.808,21,23,44,18,13,10,19,4,93,0
1610612744,0029601144,"APR 14, 1997",GSW @ DEN,W,240,38,93,0.409,2,12,0.167,25,27,0.926,16,38,54,15,5,4,7,1,103,0
1610612744,0029601136,"APR 13, 1997",GSW vs. PHX,L,240,38,90,0.422,5,17,0.294,16,25,0.64,19,32,51,15,7,3,13,19,97,0
1610612744,0029601122,"APR 11, 1997",GSW @ SAC,L,240,31,74,0.419,6,15,0.4,19,30,0.633,11,30,41,11,7,7,19,1,87,0
1610612744,0029601113,"APR 10, 1997",GSW vs. DEN,W,265,42,102,0.412,7,18,0.389,18,24,0.75,18,41,59,27,7,7,12,16,109,0
1610612744,0029601099,"APR 08, 1997",GSW vs. LAL,L,240,34,84,0.405,2,11,0.182,15,20,0.75,20,19,39,25,11,3,18,16,85,0
1610612744,0029601084,"APR 06, 1997",GSW vs. UTA,L,240,35,75,0.467,7,15,0.467,23,31,0.742,15,18,33,28,6,3,19,29,100,0
1610612744,0029601076,"APR 05, 1997",GSW vs. SAS,W,240,47,83,0.566,8,18,0.444,18,25,0.72,13,23,36,32,9,2,11,15,120,0
1610612744,0029601060,"APR 03, 1997",GSW vs. DAL,W,240,39,85,0.459,5,17,0.294,23,31,0.742,24,26,50,24,9,8,17,19,106,0
1610612744,0029601045,"APR 01, 1997",GSW @ POR,W,240,31,66,0.47,6,15,0.4,23,28,0.821,7,36,43,17,3,4,24,1,91,0
1610612744,0029601037,"MAR 30, 1997",GSW vs. MIN,L,240,38,82,0.463,7,16,0.438,19,22,0.864,13,27,40,26,4,2,19,25,102,0
1610612744,0029601022,"MAR 28, 1997",GSW @ PHX,L,265,43,90,0.478,8,18,0.444,21,29,0.724,12,38,50,30,6,11,19,5,115,0
1610612744,0029601000,"MAR 25, 1997",GSW vs. SEA,L,240,31,70,0.443,4,16,0.25,23,34,0.676,11,23,34,19,4,9,23,27,89,0
1610612744,0029600976,"MAR 22, 1997",GSW @ CHH,L,265,35,87,0.402,4,17,0.235,19,20,0.95,16,30,46,18,1,5,17,0,93,0
1610612744,0029600960,"MAR 20, 1997",GSW @ ORL,L,240,37,70,0.529,4,15,0.267,17,24,0.708,13,30,43,21,6,7,20,2,95,0
1610612744,0029600954,"MAR 19, 1997",GSW @ MIA,L,265,31,71,0.437,6,17,0.353,23,33,0.697,11,36,47,11,5,6,19,1,91,0
1610612744,0029600943,"MAR 17, 1997",GSW vs. PHX,L,240,40,81,0.494,1,12,0.083,14,27,0.519,14,28,42,29,4,5,15,19,95,0
1610612744,0029600927,"MAR 15, 1997",GSW vs. TOR,W,240,42,80,0.525,5,16,0.313,17,24,0.708,16,30,46,30,5,2,13,17,106,0
1610612744,0029600910,"MAR 13, 1997",GSW vs. CLE,W,265,37,70,0.529,7,17,0.412,20,24,0.833,5,23,28,23,6,3,16,21,101,0
1610612744,0029600905,"MAR 12, 1997",GSW @ LAL,L,240,38,86,0.442,7,18,0.389,18,22,0.818,15,21,36,24,6,8,14,1,101,0
1610612744,0029600887,"MAR 10, 1997",GSW @ LAC,L,240,30,73,0.411,6,19,0.316,40,47,0.851,13,25,38,15,8,11,19,5,106,0
1610612744,0029600885,"MAR 09, 1997",GSW vs. SAC,W,240,33,72,0.458,2,6,0.333,34,37,0.919,15,24,39,18,14,4,23,20,102,0
1610612744,0029600870,"MAR 07, 1997",GSW vs. ORL,W,240,43,78,0.551,3,10,0.3,19,25,0.76,14,29,43,26,11,2,18,18,108,0
1610612744,0029600854,"MAR 05, 1997",GSW vs. HOU,L,240,31,78,0.397,4,15,0.267,19,23,0.826,15,31,46,16,4,1,20,23,85,0
1610612744,0029600836,"MAR 03, 1997",GSW vs. UTA,L,240,37,64,0.578,8,17,0.471,22,26,0.846,7,21,28,23,8,1,19,28,104,0
1610612744,0029600820,"MAR 01, 1997",GSW @ WAS,L,240,34,80,0.425,8,19,0.421,32,41,0.78,12,19,31,16,7,4,20,3,108,0
1610612744,0029600810,"FEB 28, 1997",GSW @ NJN,W,240,36,74,0.486,7,16,0.438,38,44,0.864,14,34,48,24,5,9,20,3,117,0
1610612744,0029600797,"FEB 26, 1997",GSW @ DET,L,240,31,79,0.392,5,16,0.313,17,23,0.739,17,23,40,16,2,5,14,0,84,0
1610612744,0029600784,"FEB 24, 1997",GSW @ ATL,L,240,38,68,0.559,5,15,0.333,19,28,0.679,7,22,29,20,5,7,16,2,100,0
1610612744,0029600771,"FEB 22, 1997",GSW @ CHI,L,240,36,96,0.375,6,20,0.3,9,13,0.692,20,25,45,18,7,3,20,3,87,0
1610612744,0029600764,"FEB 21, 1997",GSW @ MIN,L,240,31,92,0.337,5,21,0.238,15,19,0.789,22,31,53,16,9,10,22,4,82,0
1610612744,0029600749,"FEB 19, 1997",GSW vs. BOS,W,240,44,80,0.55,7,16,0.438,17,29,0.586,11,28,39,35,20,9,17,25,112,0
1610612744,0029600728,"FEB 16, 1997",GSW @ SAC,L,240,33,79,0.418,5,16,0.313,14,22,0.636,10,31,41,14,1,9,16,2,85,0
1610612744,0029600712,"FEB 14, 1997",GSW @ SAS,W,240,38,83,0.458,10,23,0.435,22,24,0.917,10,35,45,25,7,12,8,3,108,0
1610612744,0029600703,"FEB 13, 1997",GSW @ DAL,W,240,42,82,0.512,7,19,0.368,16,21,0.762,14,34,48,23,8,10,13,2,107,0
1610612744,0029600666,"FEB 04, 1997",GSW vs. ATL,L,240,36,83,0.434,3,18,0.167,10,18,0.556,14,25,39,27,5,2,10,16,85,0
1610612744,0029600645,"FEB 01, 1997",GSW @ LAC,L,240,30,70,0.429,7,15,0.467,31,36,0.861,10,22,32,15,9,6,11,4,98,0
1610612744,0029600636,"JAN 31, 1997",GSW vs. CHI,L,240,38,82,0.463,7,20,0.35,9,14,0.643,15,25,40,24,6,3,20,14,92,0
1610612744,0029600624,"JAN 29, 1997",GSW vs. SEA,L,240,31,79,0.392,4,19,0.211,20,28,0.714,12,27,39,20,9,5,19,15,86,0
1610612744,0029600605,"JAN 27, 1997",GSW vs. VAN,W,240,41,75,0.547,5,13,0.385,35,37,0.946,11,31,42,31,8,1,14,21,122,0
1610612744,0029600590,"JAN 24, 1997",GSW @ LAL,L,240,38,89,0.427,2,12,0.167,19,27,0.704,16,23,39,23,11,7,15,2,97,0
1610612744,0029600581,"JAN 23, 1997",GSW vs. DET,L,240,31,69,0.449,8,21,0.381,9,14,0.643,7,26,33,24,4,3,17,13,79,0
1610612744,0029600567,"JAN 21, 1997",GSW vs. DAL,W,240,37,78,0.474,7,19,0.368,24,35,0.686,9,27,36,23,11,3,8,18,105,0
1610612744,0029600542,"JAN 18, 1997",GSW @ MIN,L,240,34,72,0.472,8,19,0.421,17,24,0.708,5,24,29,22,6,10,14,4,93,0
1610612744,0029600532,"JAN 17, 1997",GSW @ IND,W,240,33,80,0.413,4,16,0.25,28,30,0.933,16,34,50,21,7,11,15,0,98,0
1610612744,0029600516,"JAN 15, 1997",GSW @ PHI,W,240,50,90,0.556,9,21,0.429,19,27,0.704,11,29,40,24,10,8,14,2,128,0
1610612744,0029600508,"JAN 14, 1997",GSW @ BOS,L,240,42,84,0.5,4,17,0.235,20,25,0.8,11,23,34,23,8,7,21,2,108,0
1610612744,0029600500,"JAN 12, 1997",GSW @ MIL,L,240,37,80,0.463,7,14,0.5,12,14,0.857,9,22,31,20,10,7,15,5,93,0
1610612744,0029600480,"JAN 09, 1997",GSW @ VAN,W,240,43,78,0.551,5,12,0.417,11,15,0.733,10,31,41,24,6,7,13,1,102,0
1610612744,0029600475,"JAN 08, 1997",GSW vs. VAN,L,240,32,88,0.364,6,26,0.231,25,30,0.833,23,25,48,22,5,5,17,25,95,0
1610612744,0029600456,"JAN 06, 1997",GSW vs. CHH,L,240,37,82,0.451,7,23,0.304,20,23,0.87,11,30,41,24,6,11,12,29,101,0
1610612744,0029600440,"JAN 03, 1997",GSW vs. PHI,W,265,46,87,0.529,5,18,0.278,25,30,0.833,13,40,53,32,8,4,19,27,122,0
1610612744,0029600406,"DEC 28, 1996",GSW @ HOU,L,240,38,93,0.409,5,20,0.25,14,20,0.7,16,25,41,22,9,6,14,3,95,0
1610612744,0029600389,"DEC 26, 1996",GSW @ DAL,W,240,43,81,0.531,9,19,0.474,18,22,0.818,11,32,43,26,14,4,17,1,113,0
1610612744,0029600369,"DEC 22, 1996",GSW vs. LAC,W,240,30,75,0.4,7,16,0.438,30,38,0.789,16,23,39,16,9,4,9,25,97,0
1610612744,0029600340,"DEC 18, 1996",GSW vs. MIN,W,240,48,85,0.565,12,26,0.462,15,21,0.714,13,31,44,33,9,1,15,27,123,0
1610612744,0029600332,"DEC 17, 1996",GSW @ SEA,L,0,27,72,0.375,6,16,0.375,21,26,0.808,0,37,37,17,4,7,25,0,81,0
1610612744,0029600320,"DEC 15, 1996",GSW vs. WAS,L,240,36,74,0.486,9,18,0.5,21,31,0.677,10,22,32,17,9,3,24,26,102,0
1610612744,0029600303,"DEC 13, 1996",GSW @ CLE,L,240,31,69,0.449,6,14,0.429,19,22,0.864,12,25,37,23,5,11,22,3,87,0
1610612744,0029600293,"DEC 12, 1996",GSW @ NYK,L,240,28,81,0.346,6,19,0.316,17,22,0.773,12,27,39,19,10,5,15,2,79,0
1610612744,0029600277,"DEC 10, 1996",GSW @ TOR,W,240,33,80,0.413,3,11,0.273,32,38,0.842,22,29,51,15,8,7,18,2,101,0
1610612744,0029600271,"DEC 08, 1996",GSW vs. SAS,W,240,46,82,0.561,9,14,0.643,13,16,0.813,13,26,39,31,9,6,15,27,114,0
1610612744,0029600254,"DEC 06, 1996",GSW vs. IND,L,240,24,71,0.338,0,15,0.0,23,33,0.697,13,30,43,14,9,4,15,20,71,0
1610612744,0029600241,"DEC 04, 1996",GSW @ PHX,L,240,31,87,0.356,1,12,0.083,24,28,0.857,13,26,39,17,9,8,13,3,87,0
1610612744,0029600232,"DEC 03, 1996",GSW vs. DEN,W,240,43,81,0.531,7,16,0.438,21,26,0.808,12,26,38,28,10,6,14,18,114,0
1610612744,0029600220,"DEC 01, 1996",GSW vs. POR,W,240,28,75,0.373,7,15,0.467,35,40,0.875,19,38,57,17,10,11,18,28,98,0
1610612744,0029600207,"NOV 29, 1996",GSW @ POR,L,240,29,70,0.414,5,14,0.357,30,37,0.811,10,17,27,17,9,7,13,3,93,0
1610612744,0029600198,"NOV 28, 1996",GSW vs. NJN,W,240,41,86,0.477,6,12,0.5,36,47,0.766,17,32,49,28,2,4,9,31,124,0
1610612744,0029600186,"NOV 26, 1996",GSW vs. MIA,L,240,35,91,0.385,3,15,0.2,15,16,0.938,21,23,44,24,12,8,14,22,88,0
1610612744,0029600167,"NOV 23, 1996",GSW vs. HOU,L,265,44,75,0.587,11,17,0.647,16,20,0.8,2,32,34,32,6,6,20,31,115,0
1610612744,0029600154,"NOV 21, 1996",GSW @ UTA,L,265,32,82,0.39,6,21,0.286,34,43,0.791,15,29,44,14,7,11,17,3,104,0
1610612744,0029600136,"NOV 19, 1996",GSW vs. LAL,L,240,41,80,0.513,14,26,0.538,13,18,0.722,10,27,37,32,3,3,15,22,109,0
1610612744,0029600125,"NOV 17, 1996",GSW @ SAS,W,240,36,71,0.507,8,17,0.471,22,27,0.815,9,31,40,21,9,11,14,3,102,0
1610612744,0029600122,"NOV 16, 1996",GSW @ HOU,L,240,43,95,0.453,3,15,0.2,14,18,0.778,19,20,39,24,17,5,17,1,103,0
1610612744,0029600102,"NOV 14, 1996",GSW vs. MIL,W,240,39,77,0.506,1,10,0.1,16,23,0.696,9,25,34,24,7,9,11,14,95,0
1610612744,0029600087,"NOV 12, 1996",GSW @ SEA,L,240,39,81,0.481,11,19,0.579,13,19,0.684,12,24,36,23,4,1,19,0,102,0
1610612744,0029600061,"NOV 08, 1996",GSW @ DEN,L,240,33,74,0.446,5,14,0.357,20,22,0.909,6,31,37,18,7,11,21,1,91,0
1610612744,0029600050,"NOV 07, 1996",GSW vs. NYK,L,240,34,72,0.472,7,19,0.368,25,27,0.926,10,11,21,29,10,4,20,31,100,0
1610612744,0029600038,"NOV 05, 1996",GSW vs. POR,L,240,35,78,0.449,2,13,0.154,21,29,0.724,13,28,41,26,4,4,20,25,93,0
1610612744,0029600028,"NOV 03, 1996",GSW @ VAN,W,240,38,79,0.481,8,19,0.421,21,27,0.778,12,36,48,21,7,7,22,2,105,0
1610612744,0029600013,"NOV 01, 1996",GSW vs. LAC,L,240,27,75,0.36,7,18,0.389,24,29,0.828,12,27,39,20,8,3,20,17,85,0
