Team_ID,Game_ID,GAME_DATE,MATCHUP,WL,MIN,FGM,FGA,FG_PCT,FG3M,FG3A,FG3_PCT,FTM,FTA,FT_PCT,OREB,DREB,REB,AST,STL,BLK,TOV,PF,PTS,VIDEO_AVAILABLE
1610612743,0020301184,"APR 14, 2004",DEN @ SAS,L,240,27,83,0.325,2,9,0.222,11,18,0.611,14,33,47,11,7,1,17,34,67,0
1610612743,0020301169,"APR 12, 2004",DEN vs. SAC,W,240,41,94,0.436,3,13,0.231,12,14,0.857,15,34,49,25,9,8,15,18,97,0
1610612743,0020301153,"APR 10, 2004",DEN vs. POR,W,265,43,94,0.457,3,13,0.231,21,24,0.875,14,30,44,27,8,1,11,17,110,0
1610612743,0020301143,"APR 09, 2004",DEN @ HOU,L,240,42,79,0.532,1,5,0.2,18,22,0.818,7,27,34,25,8,5,9,21,103,0
1610612743,0020301130,"APR 07, 2004",DEN @ PHX,W,240,42,92,0.457,8,15,0.533,19,22,0.864,20,29,49,20,11,6,18,28,111,0
1610612743,0020301098,"APR 02, 2004",DEN vs. HOU,W,240,40,82,0.488,6,14,0.429,24,33,0.727,11,32,43,33,9,4,13,23,110,0
1610612743,0020301074,"MAR 30, 2004",DEN vs. SEA,W,240,46,91,0.505,5,12,0.417,27,34,0.794,18,24,42,33,10,9,11,22,124,0
1610612743,0020301053,"MAR 27, 2004",DEN @ UTA,L,240,29,78,0.372,7,13,0.538,18,21,0.857,19,22,41,17,9,13,20,22,83,0
1610612743,0020301048,"MAR 26, 2004",DEN @ SEA,L,240,33,79,0.418,4,13,0.308,16,21,0.762,15,27,42,17,7,6,19,17,86,0
1610612743,0020301030,"MAR 24, 2004",DEN vs. MIN,W,240,32,87,0.368,5,14,0.357,32,42,0.762,12,28,40,20,8,2,5,25,101,0
1610612743,0020301016,"MAR 22, 2004",DEN vs. LAC,W,240,40,79,0.506,6,11,0.545,16,22,0.727,13,23,36,27,7,8,15,24,102,0
1610612743,0020301005,"MAR 21, 2004",DEN @ MIN,L,240,25,81,0.309,2,11,0.182,25,31,0.806,11,29,40,14,6,2,10,19,77,0
1610612743,0020300992,"MAR 19, 2004",DEN @ DET,L,240,33,81,0.407,1,10,0.1,8,13,0.615,13,26,39,12,9,5,18,18,75,0
1610612743,0020300975,"MAR 17, 2004",DEN @ BOS,L,240,42,95,0.442,3,17,0.176,13,18,0.722,18,32,50,29,9,6,12,21,100,0
1610612743,0020300962,"MAR 14, 2004",DEN vs. UTA,W,240,35,83,0.422,2,9,0.222,30,38,0.789,12,34,46,23,11,8,10,23,102,0
1610612743,0020300945,"MAR 12, 2004",DEN @ MIL,W,240,47,84,0.56,4,7,0.571,19,25,0.76,10,26,36,23,7,4,8,24,117,0
1610612743,0020300929,"MAR 10, 2004",DEN @ NJN,L,240,39,86,0.453,3,8,0.375,16,18,0.889,13,23,36,21,12,4,12,20,97,0
1610612743,0020300917,"MAR 09, 2004",DEN @ WAS,W,240,47,87,0.54,3,12,0.25,20,26,0.769,14,31,45,26,6,4,10,29,117,0
1610612743,0020300912,"MAR 07, 2004",DEN vs. IND,L,240,39,79,0.494,2,10,0.2,14,22,0.636,6,29,35,17,8,5,12,26,94,0
1610612743,0020300900,"MAR 06, 2004",DEN vs. DET,L,240,26,81,0.321,3,11,0.273,11,15,0.733,16,21,37,17,11,4,18,15,66,0
1610612743,0020300871,"MAR 02, 2004",DEN vs. NJN,L,240,33,78,0.423,4,15,0.267,21,29,0.724,13,26,39,24,9,2,19,27,91,0
1610612743,0020300860,"FEB 29, 2004",DEN vs. NYK,W,240,38,76,0.5,5,9,0.556,26,34,0.765,12,30,42,25,16,1,21,14,107,0
1610612743,0020300854,"FEB 28, 2004",DEN @ SAS,L,240,33,71,0.465,2,7,0.286,24,33,0.727,7,31,38,12,3,4,14,21,92,0
1610612743,0020300831,"FEB 25, 2004",DEN vs. LAL,L,240,43,77,0.558,4,8,0.5,21,31,0.677,8,30,38,26,8,5,20,18,111,0
1610612743,0020300814,"FEB 23, 2004",DEN @ MEM,L,240,37,87,0.425,5,13,0.385,27,40,0.675,23,27,50,18,6,6,13,29,106,0
1610612743,0020300796,"FEB 21, 2004",DEN @ MIA,L,240,28,91,0.308,2,14,0.143,23,30,0.767,25,24,49,7,5,9,9,22,81,0
1610612743,0020300785,"FEB 20, 2004",DEN @ ORL,L,240,39,85,0.459,2,11,0.182,18,25,0.72,10,30,40,25,6,8,12,20,98,0
1610612743,0020300770,"FEB 17, 2004",DEN vs. PHI,W,240,40,82,0.488,4,13,0.308,22,31,0.71,14,31,45,29,14,11,11,17,106,0
1610612743,0020300760,"FEB 12, 2004",DEN @ POR,W,240,40,73,0.548,8,15,0.533,19,24,0.792,5,28,33,26,13,2,16,23,107,0
1610612743,0020300739,"FEB 09, 2004",DEN vs. MEM,W,240,34,88,0.386,3,13,0.231,15,20,0.75,16,30,46,20,13,5,14,20,86,0
1610612743,0020300736,"FEB 08, 2004",DEN @ SAC,L,240,38,89,0.427,5,10,0.5,11,16,0.688,14,30,44,17,4,8,11,21,92,0
1610612743,0020300720,"FEB 06, 2004",DEN @ GSW,L,240,31,80,0.388,3,10,0.3,22,25,0.88,11,29,40,18,9,4,14,26,87,0
1610612743,0020300688,"FEB 02, 2004",DEN vs. POR,W,240,40,75,0.533,4,10,0.4,32,42,0.762,6,27,33,29,15,6,12,24,116,0
1610612743,0020300669,"JAN 31, 2004",DEN @ DAL,W,240,38,76,0.5,3,9,0.333,28,35,0.8,7,32,39,24,9,5,17,16,107,0
1610612743,0020300653,"JAN 28, 2004",DEN vs. CHI,W,240,40,81,0.494,2,8,0.25,33,40,0.825,15,37,52,30,9,3,18,26,115,0
1610612743,0020300638,"JAN 26, 2004",DEN vs. MIN,L,240,40,86,0.465,2,11,0.182,13,17,0.765,16,33,49,22,9,5,15,19,95,0
1610612743,0020300633,"JAN 25, 2004",DEN @ MEM,L,240,35,79,0.443,1,4,0.25,17,22,0.773,11,27,38,18,11,4,16,27,88,0
1610612743,0020300612,"JAN 23, 2004",DEN @ NOH,L,240,36,82,0.439,2,13,0.154,17,19,0.895,13,24,37,18,10,4,15,21,91,0
1610612743,0020300603,"JAN 21, 2004",DEN vs. PHX,W,240,35,69,0.507,4,10,0.4,23,29,0.793,8,31,39,23,6,9,18,17,97,0
1610612743,0020300594,"JAN 20, 2004",DEN @ UTA,W,240,36,71,0.507,3,8,0.375,21,29,0.724,15,25,40,20,6,9,17,26,96,0
1610612743,0020300578,"JAN 18, 2004",DEN vs. MIA,W,240,33,64,0.516,2,7,0.286,20,23,0.87,2,30,32,24,3,10,19,22,88,0
1610612743,0020300561,"JAN 16, 2004",DEN vs. DAL,L,240,38,97,0.392,3,14,0.214,9,17,0.529,20,33,53,30,7,5,9,18,88,0
1610612743,0020300550,"JAN 14, 2004",DEN @ LAL,L,240,28,78,0.359,4,11,0.364,11,14,0.786,10,18,28,15,7,3,14,25,71,0
1610612743,0020300539,"JAN 13, 2004",DEN @ PHX,W,240,40,77,0.519,7,13,0.538,18,25,0.72,11,28,39,20,10,6,15,21,105,0
1610612743,0020300527,"JAN 11, 2004",DEN @ SAC,L,240,42,82,0.512,2,10,0.2,20,27,0.741,13,28,41,14,10,2,21,21,106,0
1610612743,0020300513,"JAN 09, 2004",DEN vs. UTA,W,240,41,78,0.526,0,4,0.0,24,32,0.75,12,27,39,28,12,11,16,24,106,0
1610612743,0020300500,"JAN 07, 2004",DEN vs. LAL,W,240,46,93,0.495,5,13,0.385,16,21,0.762,17,43,60,31,11,6,18,23,113,0
1610612743,0020300482,"JAN 05, 2004",DEN vs. SAS,L,240,28,76,0.368,1,8,0.125,17,24,0.708,11,26,37,18,10,5,15,21,74,0
1610612743,0020300471,"JAN 03, 2004",DEN vs. ATL,L,240,30,78,0.385,1,12,0.083,15,17,0.882,11,26,37,19,8,9,11,15,76,0
1610612743,0020300461,"JAN 02, 2004",DEN @ POR,W,240,39,76,0.513,2,4,0.5,26,29,0.897,8,28,36,26,10,10,8,20,106,0
1610612743,0020300449,"DEC 31, 2003",DEN @ LAC,L,240,40,81,0.494,5,15,0.333,19,23,0.826,4,26,30,23,7,6,14,29,104,0
1610612743,0020300445,"DEC 30, 2003",DEN vs. TOR,L,240,29,76,0.382,4,14,0.286,12,16,0.75,9,27,36,23,12,5,17,21,74,0
1610612743,0020300427,"DEC 28, 2003",DEN vs. GSW,W,240,43,92,0.467,3,8,0.375,14,18,0.778,9,39,48,33,6,8,9,19,103,0
1610612743,0020300411,"DEC 26, 2003",DEN vs. HOU,W,240,36,87,0.414,7,19,0.368,16,23,0.696,16,26,42,25,9,6,10,16,95,0
1610612743,0020300388,"DEC 22, 2003",DEN vs. MEM,W,240,41,81,0.506,5,11,0.455,19,29,0.655,10,27,37,26,10,8,11,19,106,0
1610612743,0020300377,"DEC 20, 2003",DEN vs. SEA,L,240,36,88,0.409,9,29,0.31,25,29,0.862,14,26,40,17,10,6,14,27,106,0
1610612743,0020300369,"DEC 19, 2003",DEN @ LAL,L,240,36,86,0.419,5,18,0.278,22,30,0.733,13,26,39,14,9,2,15,28,99,0
1610612743,0020300355,"DEC 17, 2003",DEN @ SEA,W,240,43,89,0.483,3,18,0.167,10,12,0.833,19,28,47,24,13,11,19,17,99,0
1610612743,0020300344,"DEC 16, 2003",DEN vs. NOH,W,240,44,84,0.524,8,12,0.667,20,25,0.8,8,39,47,30,8,6,14,21,116,0
1610612743,0020300320,"DEC 13, 2003",DEN @ NYK,L,240,32,81,0.395,3,11,0.273,21,26,0.808,12,27,39,15,12,5,14,25,88,0
1610612743,0020300309,"DEC 12, 2003",DEN @ PHI,W,240,36,76,0.474,4,14,0.286,10,13,0.769,10,31,41,24,10,3,18,15,86,0
1610612743,0020300293,"DEC 09, 2003",DEN @ ATL,L,240,32,80,0.4,6,14,0.429,28,32,0.875,13,26,39,10,10,4,20,25,98,0
1610612743,0020300282,"DEC 07, 2003",DEN vs. BOS,L,240,41,80,0.512,7,19,0.368,22,31,0.71,13,27,40,31,12,9,20,28,111,0
1610612743,0020300266,"DEC 05, 2003",DEN vs. GSW,W,240,34,80,0.425,5,16,0.313,25,32,0.781,10,36,46,29,4,7,9,19,98,0
1610612743,0020300256,"DEC 03, 2003",DEN @ GSW,W,240,40,67,0.597,7,11,0.636,30,36,0.833,6,25,31,23,7,7,14,24,117,0
1610612743,0020300245,"DEC 02, 2003",DEN vs. CLE,W,240,41,77,0.532,6,9,0.667,27,39,0.692,11,26,37,27,12,15,20,20,115,0
1610612743,0020300231,"NOV 29, 2003",DEN @ LAC,W,240,36,77,0.468,5,15,0.333,21,32,0.656,14,32,46,21,9,8,16,27,98,0
1610612743,0020300217,"NOV 28, 2003",DEN vs. DAL,W,240,39,75,0.52,8,20,0.4,27,35,0.771,12,35,47,26,6,10,22,28,113,0
1610612743,0020300196,"NOV 25, 2003",DEN vs. PHX,W,240,38,89,0.427,6,12,0.5,28,33,0.848,22,28,50,27,15,10,15,20,110,0
1610612743,0020300180,"NOV 22, 2003",DEN @ DAL,L,240,37,95,0.389,4,20,0.2,23,28,0.821,19,33,52,14,7,3,14,22,101,0
1610612743,0020300169,"NOV 21, 2003",DEN vs. WAS,W,240,44,93,0.473,6,14,0.429,14,17,0.824,15,34,49,38,9,10,11,25,108,0
1610612743,0020300159,"NOV 19, 2003",DEN vs. MIL,W,240,33,83,0.398,2,11,0.182,26,34,0.765,20,30,50,27,10,16,11,22,94,0
1610612743,0020300148,"NOV 18, 2003",DEN @ MIN,L,240,27,84,0.321,6,15,0.4,16,21,0.762,11,27,38,17,4,2,0,23,76,0
1610612743,0020300123,"NOV 14, 2003",DEN vs. ORL,W,240,34,89,0.382,3,10,0.3,35,46,0.761,22,31,53,22,14,12,0,22,106,0
1610612743,0020300092,"NOV 10, 2003",DEN @ CHI,W,240,33,87,0.379,6,13,0.462,33,41,0.805,22,26,48,22,16,3,0,18,105,0
1610612743,0020300085,"NOV 09, 2003",DEN @ TOR,L,240,26,75,0.347,2,7,0.286,22,26,0.846,14,25,39,11,6,6,11,15,76,0
1610612743,0020300073,"NOV 07, 2003",DEN vs. LAC,L,265,38,99,0.384,9,20,0.45,17,24,0.708,16,35,51,21,12,4,0,20,102,0
1610612743,0020300057,"NOV 05, 2003",DEN @ CLE,W,240,38,88,0.432,7,19,0.368,10,18,0.556,13,29,42,17,10,7,0,24,93,0
1610612743,0020300048,"NOV 04, 2003",DEN @ IND,L,240,23,79,0.291,2,9,0.222,12,18,0.667,18,31,49,12,8,10,0,19,60,0
1610612743,0020300036,"NOV 01, 2003",DEN vs. SAC,W,240,42,86,0.488,2,5,0.4,23,28,0.821,12,37,49,25,9,14,16,25,109,0
1610612743,0020300017,"OCT 30, 2003",DEN @ HOU,L,240,26,73,0.356,4,13,0.308,29,36,0.806,15,23,38,10,10,8,0,26,85,0
1610612743,0020300011,"OCT 29, 2003",DEN vs. SAS,W,240,28,96,0.292,4,10,0.4,20,29,0.69,26,40,66,17,8,7,0,25,80,0
