Team_ID,Game_ID,GAME_DATE,MATCHUP,WL,MIN,FGM,FGA,FG_PCT,FG3M,FG3A,FG3_PCT,FTM,FTA,FT_PCT,OREB,DREB,REB,AST,STL,BLK,TOV,PF,PTS,VIDEO_AVAILABLE
1610612738,0041000215,"MAY 11, 2011",BOS @ MIA,L,240,33,67,0.493,7,15,0.467,14,20,0.7,4,26,30,15,5,5,17,25,87,0
1610612738,0041000214,"MAY 09, 2011",BOS vs. MIA,L,265,30,70,0.429,5,16,0.313,25,29,0.862,3,25,28,15,9,4,16,23,90,0
1610612738,0041000213,"MAY 07, 2011",BOS vs. MIA,W,240,37,74,0.5,9,18,0.5,14,17,0.824,10,29,39,27,7,4,12,17,97,0
1610612738,0041000212,"MAY 03, 2011",BOS @ MIA,L,240,34,79,0.43,6,11,0.545,17,22,0.773,10,28,38,18,7,2,11,24,91,0
1610612738,0041000211,"MAY 01, 2011",BOS @ MIA,L,240,32,75,0.427,12,24,0.5,14,18,0.778,7,32,39,18,7,3,13,24,90,0
1610612738,0041000124,"APR 24, 2011",BOS @ NYK,W,240,40,81,0.494,3,12,0.25,18,24,0.75,9,44,53,24,6,6,15,23,101,0
1610612738,0041000123,"APR 22, 2011",BOS @ NYK,W,240,42,83,0.506,14,24,0.583,15,17,0.882,13,30,43,31,12,4,20,24,113,0
1610612738,0041000122,"APR 19, 2011",BOS vs. NYK,W,240,39,83,0.47,6,11,0.545,12,16,0.75,9,28,37,21,8,5,10,22,96,0
1610612738,0041000121,"APR 17, 2011",BOS vs. NYK,W,240,35,80,0.438,5,13,0.385,12,18,0.667,15,29,44,20,5,5,16,15,87,0
