Team_ID,Game_ID,GAME_DATE,MATCHUP,WL,MIN,FGM,FGA,FG_PCT,FG3M,FG3A,FG3_PCT,FTM,FTA,FT_PCT,OREB,DREB,REB,AST,STL,BLK,TOV,PF,PTS,VIDEO_AVAILABLE
1610612759,0049700058,"MAY 12, 1998",SAS @ UTA,L,240,28,73,0.384,1,11,0.091,20,28,0.714,14,25,39,15,5,5,15,27,77,0
1610612759,0049700056,"MAY 10, 1998",SAS vs. UTA,L,240,27,69,0.391,2,9,0.222,17,26,0.654,10,23,33,13,5,4,6,18,73,0
1610612759,0049700052,"MAY 09, 1998",SAS vs. UTA,W,240,27,68,0.397,4,13,0.308,28,35,0.8,19,39,58,13,6,10,16,20,86,0
1610612759,0049700048,"MAY 07, 1998",SAS @ UTA,L,265,42,77,0.545,5,16,0.313,17,25,0.68,8,30,38,19,6,7,16,32,106,0
1610612759,0049700044,"MAY 05, 1998",SAS @ UTA,L,240,29,64,0.453,1,5,0.2,23,31,0.742,7,40,47,16,4,8,16,23,82,0
1610612759,0049700024,"APR 29, 1998",SAS vs. PHX,W,240,32,72,0.444,7,19,0.368,28,41,0.683,12,42,54,17,6,7,15,17,99,0
1610612759,0049700018,"APR 27, 1998",SAS vs. PHX,W,240,41,83,0.494,7,13,0.538,11,20,0.55,13,36,49,23,5,9,10,20,100,0
1610612759,0049700010,"APR 25, 1998",SAS @ PHX,L,240,38,75,0.507,5,18,0.278,20,28,0.714,7,30,37,23,5,6,17,22,101,0
1610612759,0049700004,"APR 23, 1998",SAS @ PHX,W,240,36,68,0.529,3,12,0.25,27,43,0.628,9,28,37,17,9,7,13,20,102,0
