Team_ID,Game_ID,GAME_DATE,MATCHUP,WL,MIN,FGM,FGA,FG_PCT,FG3M,FG3A,FG3_PCT,FTM,FTA,FT_PCT,OREB,DREB,REB,AST,STL,BLK,TOV,PF,PTS,VIDEO_AVAILABLE
1610612752,0021100982,"APR 26, 2012",NYK @ CHA,W,240,44,85,0.518,8,20,0.4,8,15,0.533,6,30,36,31,7,6,9,21,104,0
1610612752,0021100974,"APR 25, 2012",NYK vs. LAC,W,240,36,77,0.468,9,24,0.375,18,24,0.75,8,28,36,18,9,2,8,18,99,0
1610612752,0021100951,"APR 22, 2012",NYK @ ATL,W,240,43,79,0.544,12,19,0.632,15,20,0.75,7,30,37,21,13,1,17,21,113,0
1610612752,0021100939,"APR 20, 2012",NYK @ CLE,L,240,35,83,0.422,12,33,0.364,8,15,0.533,11,21,32,26,7,6,12,17,90,0
1610612752,0021100921,"APR 18, 2012",NYK @ NJN,W,240,36,83,0.434,13,35,0.371,19,24,0.792,9,32,41,22,11,5,9,17,104,0
1610612752,0021100915,"APR 17, 2012",NYK vs. BOS,W,240,42,74,0.568,19,32,0.594,15,17,0.882,10,26,36,28,6,0,16,26,118,0
1610612752,0021100893,"APR 15, 2012",NYK vs. MIA,L,240,31,73,0.425,9,30,0.3,14,23,0.609,7,26,33,19,8,1,14,20,85,0
1610612752,0021100878,"APR 13, 2012",NYK vs. WAS,W,240,39,84,0.464,14,29,0.483,11,13,0.846,9,32,41,22,11,5,15,16,103,0
1610612752,0021100861,"APR 11, 2012",NYK @ MIL,W,240,41,80,0.513,6,16,0.375,23,27,0.852,10,32,42,22,8,2,17,21,111,0
1610612752,0021100857,"APR 10, 2012",NYK @ CHI,L,240,31,73,0.425,7,21,0.333,17,21,0.81,5,28,33,16,8,5,16,19,86,0
1610612752,0021100835,"APR 08, 2012",NYK vs. CHI,W,265,39,102,0.382,8,34,0.235,14,20,0.7,16,31,47,17,11,6,9,26,100,0
1610612752,0021100811,"APR 05, 2012",NYK @ ORL,W,240,38,78,0.487,13,25,0.52,7,15,0.467,10,31,41,24,7,0,11,16,96,0
1610612752,0021100793,"APR 03, 2012",NYK @ IND,L,240,38,83,0.458,10,23,0.435,18,25,0.72,16,28,44,14,5,7,12,25,104,0
1610612752,0021100770,"MAR 31, 2012",NYK vs. CLE,W,240,30,76,0.395,9,28,0.321,22,32,0.688,17,30,47,14,13,5,17,19,91,0
1610612752,0021100760,"MAR 30, 2012",NYK @ ATL,L,240,31,70,0.443,6,17,0.353,22,33,0.667,10,23,33,13,11,4,18,24,90,0
1610612752,0021100744,"MAR 28, 2012",NYK vs. ORL,W,240,43,85,0.506,12,34,0.353,10,12,0.833,16,33,49,24,7,4,11,23,108,0
1610612752,0021100732,"MAR 26, 2012",NYK vs. MIL,W,240,26,74,0.351,7,31,0.226,30,35,0.857,13,41,54,16,9,2,23,19,89,0
1610612752,0021100713,"MAR 24, 2012",NYK vs. DET,W,240,38,78,0.487,6,20,0.3,19,30,0.633,18,36,54,20,13,5,22,22,101,0
1610612752,0021100699,"MAR 23, 2012",NYK @ TOR,L,240,32,85,0.376,5,28,0.179,10,18,0.556,10,29,39,22,8,6,22,20,79,0
1610612752,0021100684,"MAR 21, 2012",NYK @ PHI,W,240,29,79,0.367,2,13,0.154,22,28,0.786,14,33,47,12,6,4,12,24,82,0
1610612752,0021100677,"MAR 20, 2012",NYK vs. TOR,W,240,39,81,0.481,5,16,0.313,23,33,0.697,16,30,46,23,12,5,11,21,106,0
1610612752,0021100656,"MAR 17, 2012",NYK @ IND,W,240,32,77,0.416,7,24,0.292,31,40,0.775,14,32,46,16,8,7,11,22,102,0
1610612752,0021100645,"MAR 16, 2012",NYK vs. IND,W,240,41,81,0.506,11,25,0.44,22,28,0.786,10,34,44,22,12,7,11,24,115,0
1610612752,0021100628,"MAR 14, 2012",NYK vs. POR,W,240,43,80,0.538,19,38,0.5,16,26,0.615,11,31,42,35,12,0,19,19,121,0
1610612752,0021100612,"MAR 12, 2012",NYK @ CHI,L,240,37,80,0.463,3,11,0.273,22,31,0.71,9,29,38,21,7,13,13,21,99,0
1610612752,0021100603,"MAR 11, 2012",NYK vs. PHI,L,240,33,80,0.413,7,17,0.412,21,26,0.808,11,31,42,16,8,4,16,19,94,0
1610612752,0021100590,"MAR 09, 2012",NYK @ MIL,L,240,46,83,0.554,7,17,0.412,15,21,0.714,9,26,35,29,11,5,17,22,114,0
1610612752,0021100578,"MAR 07, 2012",NYK @ SAS,L,240,41,96,0.427,10,28,0.357,13,17,0.765,12,25,37,22,12,2,10,22,105,0
1610612752,0021100568,"MAR 06, 2012",NYK @ DAL,L,240,32,84,0.381,6,23,0.261,15,23,0.652,14,37,51,20,9,2,16,21,85,0
1610612752,0021100546,"MAR 04, 2012",NYK @ BOS,L,265,41,94,0.436,8,18,0.444,21,26,0.808,15,35,50,23,8,5,22,23,111,0
1610612752,0021100515,"FEB 29, 2012",NYK vs. CLE,W,240,43,85,0.506,6,20,0.3,28,42,0.667,14,28,42,30,10,6,8,22,120,0
1610612752,0021100499,"FEB 23, 2012",NYK @ MIA,L,240,31,79,0.392,7,17,0.412,19,22,0.864,14,27,41,14,9,3,19,15,88,0
1610612752,0021100492,"FEB 22, 2012",NYK vs. ATL,W,240,38,80,0.475,8,22,0.364,15,24,0.625,14,33,47,23,15,3,21,16,99,0
1610612752,0021100471,"FEB 20, 2012",NYK vs. NJN,L,240,34,85,0.4,5,21,0.238,19,26,0.731,11,31,42,23,9,6,16,25,92,0
1610612752,0021100460,"FEB 19, 2012",NYK vs. DAL,W,240,40,86,0.465,12,29,0.414,12,18,0.667,14,26,40,21,13,5,16,16,104,0
1610612752,0021100450,"FEB 17, 2012",NYK vs. NOH,L,240,31,75,0.413,4,24,0.167,19,29,0.655,15,32,47,13,9,5,21,17,85,0
1610612752,0021100433,"FEB 15, 2012",NYK vs. SAC,W,240,39,77,0.506,7,24,0.292,15,17,0.882,7,41,48,25,6,4,18,16,100,0
1610612752,0021100420,"FEB 14, 2012",NYK @ TOR,W,240,33,80,0.413,6,17,0.353,18,27,0.667,11,23,34,23,8,2,16,18,90,0
1610612752,0021100404,"FEB 11, 2012",NYK @ MIN,W,240,40,84,0.476,7,19,0.368,13,22,0.591,7,31,38,20,13,1,19,22,100,0
1610612752,0021100395,"FEB 10, 2012",NYK vs. LAL,W,240,33,77,0.429,5,21,0.238,21,34,0.618,8,33,41,16,9,1,14,17,92,0
1610612752,0021100375,"FEB 08, 2012",NYK @ WAS,W,240,37,81,0.457,7,28,0.25,26,33,0.788,11,31,42,18,8,4,8,16,107,0
1610612752,0021100361,"FEB 06, 2012",NYK vs. UTA,W,240,35,73,0.479,9,28,0.321,20,31,0.645,7,31,38,19,10,5,17,26,99,0
1610612752,0021100345,"FEB 04, 2012",NYK vs. NJN,W,240,37,83,0.446,2,14,0.143,23,26,0.885,15,33,48,20,5,5,14,21,99,0
1610612752,0021100337,"FEB 03, 2012",NYK @ BOS,L,240,34,80,0.425,3,15,0.2,18,21,0.857,13,24,37,19,12,7,13,23,89,0
1610612752,0021100327,"FEB 02, 2012",NYK vs. CHI,L,240,44,90,0.489,4,16,0.25,10,14,0.714,13,24,37,20,7,2,14,23,102,0
1610612752,0021100311,"JAN 31, 2012",NYK vs. DET,W,240,42,70,0.6,9,18,0.5,20,25,0.8,4,26,30,25,12,6,12,20,113,0
1610612752,0021100287,"JAN 28, 2012",NYK @ HOU,L,240,34,89,0.382,5,26,0.192,11,15,0.733,15,25,40,17,10,3,16,16,84,0
1610612752,0021100276,"JAN 27, 2012",NYK @ MIA,L,240,30,84,0.357,18,43,0.419,11,14,0.786,9,30,39,20,6,5,19,24,89,0
1610612752,0021100259,"JAN 25, 2012",NYK @ CLE,L,240,32,76,0.421,3,20,0.15,14,20,0.7,11,33,44,18,8,3,22,23,81,0
1610612752,0021100252,"JAN 24, 2012",NYK @ CHA,W,240,39,78,0.5,7,19,0.368,26,33,0.788,13,40,53,26,6,8,13,21,111,0
1610612752,0021100228,"JAN 21, 2012",NYK vs. DEN,L,290,44,97,0.454,11,33,0.333,15,21,0.714,11,39,50,24,8,7,23,34,114,0
1610612752,0021100220,"JAN 20, 2012",NYK vs. MIL,L,240,27,73,0.37,6,22,0.273,26,33,0.788,12,31,43,13,13,4,24,22,86,0
1610612752,0021100207,"JAN 18, 2012",NYK vs. PHX,L,240,32,86,0.372,4,15,0.267,20,30,0.667,18,36,54,19,11,3,16,16,88,0
1610612752,0021100184,"JAN 16, 2012",NYK vs. ORL,L,240,30,73,0.411,5,20,0.25,28,33,0.848,5,29,34,14,12,0,10,23,93,0
1610612752,0021100177,"JAN 14, 2012",NYK @ OKC,L,240,34,83,0.41,5,19,0.263,19,23,0.826,15,28,43,18,12,3,20,23,92,0
1610612752,0021100156,"JAN 12, 2012",NYK @ MEM,L,240,31,83,0.373,11,26,0.423,10,11,0.909,8,33,41,19,8,3,18,23,83,0
1610612752,0021100145,"JAN 11, 2012",NYK vs. PHI,W,240,32,77,0.416,6,22,0.273,15,19,0.789,9,37,46,13,9,3,21,20,85,0
1610612752,0021100129,"JAN 09, 2012",NYK vs. CHA,W,240,30,79,0.38,1,10,0.1,30,40,0.75,14,36,50,16,11,4,12,22,91,0
1610612752,0021100113,"JAN 07, 2012",NYK @ DET,W,240,39,83,0.47,8,28,0.286,17,20,0.85,12,36,48,26,12,5,11,20,103,0
1610612752,0021100100,"JAN 06, 2012",NYK @ WAS,W,240,39,89,0.438,6,18,0.333,15,21,0.714,15,34,49,22,14,3,19,18,99,0
1610612752,0021100085,"JAN 04, 2012",NYK vs. CHA,L,240,42,85,0.494,11,29,0.379,15,20,0.75,11,29,40,19,8,5,17,20,110,0
1610612752,0021100069,"JAN 02, 2012",NYK vs. TOR,L,240,28,78,0.359,10,35,0.286,19,25,0.76,6,33,39,14,8,3,11,24,85,0
1610612752,0021100054,"DEC 31, 2011",NYK @ SAC,W,240,40,89,0.449,10,28,0.357,24,27,0.889,17,26,43,26,7,6,12,35,114,0
1610612752,0021100038,"DEC 29, 2011",NYK @ LAL,L,240,21,67,0.313,6,22,0.273,34,41,0.829,9,23,32,15,11,6,12,20,82,0
1610612752,0021100032,"DEC 28, 2011",NYK @ GSW,L,240,28,70,0.4,4,21,0.19,18,25,0.72,4,27,31,15,7,0,15,21,78,0
1610612752,0021100001,"DEC 25, 2011",NYK vs. BOS,W,240,35,74,0.473,9,20,0.45,27,34,0.794,8,23,31,17,9,11,16,25,106,0
